          ID           CS    Hemiblock        Trial          AUC   AUC_500lag
 102    1    1    5 52364.486749 46959.882841
 102    1    1    6 55033.116925 49637.514878
 102    1    1   11 53484.631763 48540.913329
 102    1    1   12 53659.472971 48764.667233
 102    1    1   13 53028.894282 47612.612393
 102    1    1   14 53047.314059 47799.188218
 102    1    1   17 48811.131219 44020.829984
 102    1    1   18 50901.090291 46077.428641
 102    1    1   19 50523.336499 45550.215006
 102    1    1   20 49721.244760 44580.405902
 102   -1    1    1 44701.486193 40221.307156
 102   -1    1    2 51910.409217 46749.802883
 102   -1    1    3 53679.995971 48486.322704
 102   -1    1    4 51517.224446 46210.297774
 102   -1    1    7 53163.373350 47530.841916
 102   -1    1    8 51034.586211 45782.360249
 102   -1    1    9 50914.900804 45459.902328
 102   -1    1   10 47754.977972 42614.177723
 102   -1    1   15 51604.083411 46664.818798
 102   -1    1   16 53492.226232 48553.670000
 102    1    2   21 50624.287029 45407.471938
 102    1    2   24 51464.688670 46323.430913
 102    1    2   26 48712.104831 44114.313113
 102    1    2   28 47698.617104 43008.148521
 102    1    2   31 48911.988374 44046.821793
 102    1    2   32 46698.743535 42104.043610
 102    1    2   34 50901.194188 46050.381644
 102    1    2   35 47599.006104 42504.549551
 102    1    2   36 52817.496427 47844.304475
 102    1    2   38 47318.039619 42623.166557
 102   -1    2   22 49382.098655 44274.197536
 102   -1    2   23 48487.778132 43339.569771
 102   -1    2   25 49461.864003 44179.432129
 102   -1    2   27 46164.733806 41078.087898
 102   -1    2   29 49703.270181 44734.684332
 102   -1    2   30 43488.270798 38461.586780
 102   -1    2   33 49249.150657 43840.617492
 102   -1    2   37 44221.596303 39056.687185
 102   -1    2   39 45839.823146 40935.521545
 102   -1    2   40 46101.768020 41193.030952
 103    1    1    1 44423.952782 40010.589116
 103    1    1    4 51961.456723 46304.654491
 103    1    1    5 49890.543267 44806.799911
 103    1    1    6 49818.048371 44893.223260
 103    1    1    8 50680.881074 45492.060186
 103    1    1    9 52058.204296 47174.572174
 103    1    1   12 51969.316646 46676.164379
 103    1    1   13 52112.465033 47020.568666
 103    1    1   14 53207.102713 47989.543303
 103    1    1   19 49157.274554 44219.532879
 103   -1    1    2 49737.524431 44891.394301
 103   -1    1    3 52560.432930 47136.366373
 103   -1    1    7 49445.450231 43929.877150
 103   -1    1   10 52402.266368 46987.743703
 103   -1    1   11 51848.418500 46531.990019
 103   -1    1   15 51605.206194 46156.770313
 103   -1    1   16 46125.641591 41398.943546
 103   -1    1   17 48640.899535 43892.413182
 103   -1    1   18 46399.107632 41475.688598
 103   -1    1   20 47473.731433 42496.947129
 103    1    2   21 48393.255264 43845.103149
 103    1    2   22 47435.145741 42572.226151
 103    1    2   23 48768.512871 43778.387820
 103    1    2   25 46583.313786 41860.453249
 103    1    2   26 48665.218574 43782.913124
 103    1    2   28 48404.036313 44023.262353
 103    1    2   33 46693.796704 41807.981195
 103    1    2   36 47750.743835 42844.219583
 103    1    2   39 47278.884835 42088.714350
 103    1    2   40 47520.624813 42629.018686
 103   -1    2   24 44760.231563 39851.199378
 103   -1    2   27 44309.299397 39447.829071
 103   -1    2   29 47199.815372 42035.846939
 103   -1    2   30 44591.807451 39308.302697
 103   -1    2   31 48414.315661 43659.938247
 103   -1    2   32 46306.697613 41379.361971
 103   -1    2   34 49170.952901 44224.744457
 103   -1    2   35 47525.207367 42884.640978
 103   -1    2   37 48176.628287 42726.127580
 103   -1    2   38 45283.307834 40834.861795
 105    1    1    1 43823.196522 39445.970218
 105    1    1    2 53523.996009 48185.976131
 105    1    1    3 50843.501967 45463.521192
 105    1    1    4 51452.462859 46008.717068
 105    1    1    5 57134.783527 51842.882830
 105    1    1    6 56498.863251 50902.420289
 105    1    1    8 56968.571390 51214.875367
 105    1    1   15 49667.997674 44491.590201
 105    1    1   16 46061.477544 40980.780708
 105    1    1   18 55109.596126 49414.499046
 105   -1    1    7 55684.464888 50065.673947
 105   -1    1    9 51237.991734 45622.318025
 105   -1    1   10 50136.847081 44569.415608
 105   -1    1   11 46987.680172 41848.509692
 105   -1    1   12 46454.764161 41328.375141
 105   -1    1   13 47692.602811 42632.096175
 105   -1    1   14 44209.700549 39185.147776
 105   -1    1   17 49942.508649 44900.066420
 105   -1    1   19 57861.321412 51989.378364
 105   -1    1   20 57772.119703 52077.694893
 105    1    2   21 53343.810126 47688.362097
 105    1    2   24 49497.461519 44128.668344
 105    1    2   26 48887.562281 43486.165133
 105    1    2   27 49240.571530 43881.608167
 105    1    2   31 45836.726580 40920.787201
 105    1    2   33 45790.279406 40582.939788
 105    1    2   35 46847.048524 41922.968634
 105    1    2   36 41870.762952 37317.702900
 105    1    2   37 40378.302335 36166.713888
 105    1    2   38 48637.624896 44159.294017
 105   -1    2   22 49337.355650 44124.541401
 105   -1    2   23 51285.174146 46499.349848
 105   -1    2   25 54396.703250 48721.489436
 105   -1    2   28 53227.531696 47532.839696
 105   -1    2   29 50688.643988 45268.881148
 105   -1    2   30 44813.297853 39931.622759
 105   -1    2   32 46848.232718 42208.536685
 105   -1    2   34 46311.666391 41723.567057
 105   -1    2   39 47995.298595 42732.072573
 105   -1    2   40 46762.899449 41817.481307
 107    1    1    1 42595.742831 38520.583395
 107    1    1    2 49861.611197 44844.232300
 107    1    1    3 50956.885980 45555.477828
 107    1    1    4 51154.397338 45850.728048
 107    1    1    5 50989.508802 45667.098973
 107    1    1    6 51637.992672 46339.154347
 107    1    1    9 53456.812225 47978.511751
 107    1    1   12 56707.129213 51145.683930
 107    1    1   17 53274.378431 47519.430597
 107    1    1   20 54573.322699 49125.538825
 107   -1    1    7 54033.219564 48535.385950
 107   -1    1    8 52959.412623 47901.367035
 107   -1    1   10 51738.171509 46343.158072
 107   -1    1   11 52858.628934 47641.458625
 107   -1    1   13 51330.577924 45734.000413
 107   -1    1   14 45752.949578 41064.897140
 107   -1    1   15 50708.505806 45711.239312
 107   -1    1   16 53422.726840 48600.763433
 107   -1    1   18 46555.480224 41873.413147
 107   -1    1   19 46753.701849 41992.197338
 107    1    2   24 42305.774123 37715.862806
 107    1    2   25 43479.130167 39284.179436
 107    1    2   27 50926.792472 45847.838821
 107    1    2   30 43057.525209 38065.353129
 107    1    2   31 44737.926327 40682.796108
 107    1    2   32 45431.022494 40718.390955
 107    1    2   34 50579.839768 45452.429053
 107    1    2   35 44369.661588 39938.337202
 107    1    2   38 49742.751388 44675.314819
 107    1    2   39 47134.817537 42319.391013
 107   -1    2   21 46327.279849 41553.908882
 107   -1    2   22 53750.846451 48374.580315
 107   -1    2   23 58089.343982 52200.313279
 107   -1    2   26 46671.441694 42413.021694
 107   -1    2   28 55540.401300 50066.621484
 107   -1    2   29 49591.355640 43745.177321
 107   -1    2   33 49676.403149 44330.945561
 107   -1    2   36 50766.940586 45699.037472
 107   -1    2   37 44354.891298 39564.445759
 107   -1    2   40 44778.982999 40510.833781
 108    1    1    1 41499.310769 37285.887134
 108    1    1    3 49596.692377 44561.950843
 108    1    1    4 44781.155471 40098.349968
 108    1    1    5 50004.417967 45156.875925
 108    1    1    6 52496.668781 47461.827787
 108    1    1    7 45290.986157 40391.294456
 108    1    1   10 50585.744412 45419.948824
 108    1    1   15 42964.343768 38796.976896
 108    1    1   17 57474.909940 51798.565338
 108    1    1   19 53852.903799 48653.862478
 108   -1    1    2 49233.476959 44384.140052
 108   -1    1    8 53080.368962 48155.752856
 108   -1    1    9 52097.049508 46766.911101
 108   -1    1   11 48676.584339 44020.530402
 108   -1    1   12 45394.971462 40707.249397
 108   -1    1   13 42820.480059 38126.409395
 108   -1    1   14 41053.228727 37011.860820
 108   -1    1   16 52242.929603 47483.454185
 108   -1    1   18 56546.668987 50980.773367
 108   -1    1   20 51461.301879 45610.312608
 108    1    2   22 47362.261251 42433.332319
 108    1    2   26 46585.719715 42103.638811
 108    1    2   27 49685.608026 44821.731254
 108    1    2   28 52586.008061 47522.282094
 108    1    2   30 45739.312882 41611.927543
 108    1    2   31 55474.856863 49896.638126
 108    1    2   32 58426.276292 52600.525201
 108    1    2   33 54398.028782 49098.941174
 108    1    2   37 40821.551391 36773.678561
 108    1    2   40 50198.080682 45643.060679
 108   -1    2   21 51960.909983 46576.797648
 108   -1    2   23 41144.435154 36906.141843
 108   -1    2   24 40929.445018 36786.136476
 108   -1    2   25 42571.606562 38242.511888
 108   -1    2   29 46030.348406 41218.218293
 108   -1    2   34 44261.803347 39720.023533
 108   -1    2   35 45237.088254 40991.115682
 108   -1    2   36 49850.748814 44491.824658
 108   -1    2   38 45179.063244 40571.954981
 108   -1    2   39 45799.572190 40757.095448
 119    1    1    3 50547.811190 45393.258550
 119    1    1    5 43857.027517 39263.876805
 119    1    1    7 52513.419897 47444.584397
 119    1    1    8 49186.221002 44230.038926
 119    1    1    9 52877.914269 47672.565931
 119    1    1   11 51377.300621 46320.901046
 119    1    1   14 46040.870325 41522.946846
 119    1    1   15 51643.342384 46742.508792
 119    1    1   17 51579.910447 45701.885769
 119    1    1   18 44167.830142 39595.799237
 119   -1    1    1 52101.963752 46898.653138
 119   -1    1    2 50735.589812 45346.804500
 119   -1    1    4 44988.779331 40400.691936
 119   -1    1    6 52003.823150 46300.209545
 119   -1    1   10 54740.361318 49067.260395
 119   -1    1   12 50570.345305 45480.598091
 119   -1    1   13 53727.619151 47745.204657
 119   -1    1   16 49143.586330 44513.813404
 119   -1    1   19 50608.021170 46074.195073
 119   -1    1   20 46937.947142 42452.951959
 119    1    2   21 47876.976729 43631.249919
 119    1    2   22 51053.526391 46565.368507
 119    1    2   23 52024.486807 46084.189282
 119    1    2   27 50239.691450 44622.619080
 119    1    2   29 46571.007147 41875.883167
 119    1    2   30 49829.253916 44503.491478
 119    1    2   32 49896.953959 44974.189613
 119    1    2   34 51007.205198 45467.699483
 119    1    2   36 47332.281627 43102.024311
 119    1    2   38 44441.777555 40259.510953
 119   -1    2   24 47740.394711 43190.184533
 119   -1    2   25 51732.158073 45953.914891
 119   -1    2   26 46629.535977 41891.821318
 119   -1    2   28 45136.319615 40699.886370
 119   -1    2   31 52929.355039 47975.672096
 119   -1    2   33 49825.158141 44422.252271
 119   -1    2   35 55952.833561 50300.527171
 119   -1    2   37 46339.096581 41498.790290
 119   -1    2   39 45246.958417 40679.169942
 119   -1    2   40 51830.020546 46749.977465
 120    1    1    2 49435.030711 44179.168555
 120    1    1    6 46456.980524 41492.314159
 120    1    1    9 49986.518734 45084.530214
 120    1    1   10 49750.222995 44607.479325
 120    1    1   13 46914.713058 42097.161559
 120    1    1   14 50452.093865 45257.509197
 120    1    1   15 48608.181870 43620.325469
 120    1    1   16 47225.051972 42253.658731
 120    1    1   18 52873.442529 47617.215741
 120    1    1   19 56099.648962 50433.589654
 120   -1    1    1 45996.411000 41143.165250
 120   -1    1    3 51074.802878 45739.999588
 120   -1    1    4 49597.473593 44687.965513
 120   -1    1    5 44256.191937 39564.783972
 120   -1    1    7 49860.740276 44878.067881
 120   -1    1    8 46650.290366 41769.191293
 120   -1    1   11 49535.786340 44805.228038
 120   -1    1   12 50687.101538 45631.395459
 120   -1    1   17 53471.435501 48050.605149
 120   -1    1   20 57929.903934 52001.385361
 120    1    2   21 52924.199285 46950.851405
 120    1    2   24 48743.272586 43445.139832
 120    1    2   27 54746.095988 49629.317820
 120    1    2   28 50686.876273 45378.237501
 120    1    2   29 54878.858117 49465.942690
 120    1    2   32 54023.907551 49064.800832
 120    1    2   35 42779.510862 38013.189465
 120    1    2   37 48204.134768 43339.852571
 120    1    2   38 45461.268482 40886.121271
 120    1    2   40 44530.187555 39873.937695
 120   -1    2   22 48599.489849 43597.725436
 120   -1    2   23 49228.913961 44238.645188
 120   -1    2   25 50549.197812 45324.353776
 120   -1    2   26 58796.909510 52822.853286
 120   -1    2   30 48553.934974 43590.336371
 120   -1    2   31 50652.655269 45847.545837
 120   -1    2   33 52220.463270 46869.926501
 120   -1    2   34 47339.410705 42807.381768
 120   -1    2   36 43926.104748 39623.836574
 120   -1    2   39 42661.930688 38627.878720
 122    1    1    2 54979.542478 49546.188528
 122    1    1    3 55749.127953 50021.831846
 122    1    1    4 53875.933345 48122.914761
 122    1    1    8 55698.272537 49913.287761
 122    1    1    9 53985.551204 48253.064735
 122    1    1   12 47493.322149 42280.943882
 122    1    1   13 51818.532638 46827.493143
 122    1    1   15 50852.369776 45877.039415
 122    1    1   16 49728.733199 44796.025569
 122    1    1   19 47534.139764 42389.361201
 122   -1    1    1 48907.740725 44237.322883
 122   -1    1    5 49878.930251 44314.338058
 122   -1    1    6 52379.291166 46846.815746
 122   -1    1    7 52120.810089 46902.896524
 122   -1    1   10 54529.459455 48698.188838
 122   -1    1   11 50702.576395 45069.107582
 122   -1    1   14 47762.270800 42162.044112
 122   -1    1   17 47013.663357 42058.664154
 122   -1    1   18 53519.374626 47921.372721
 122   -1    1   20 48904.356377 44218.971236
 122    1    2   22 50038.715804 45137.190077
 122    1    2   24 50607.257252 45765.573775
 122    1    2   25 50048.857122 44793.809336
 122    1    2   29 47820.373687 43043.623113
 122    1    2   30 45751.953242 41076.602660
 122    1    2   33 44417.501259 39775.941035
 122    1    2   37 53132.928183 47648.469083
 122    1    2   38 49869.514032 44560.911467
 122    1    2   39 51557.172281 46439.440330
 122    1    2   40 49792.804421 45252.462288
 122   -1    2   21 48972.822656 43884.956147
 122   -1    2   23 47390.489789 42354.167896
 122   -1    2   26 49403.784240 44136.440520
 122   -1    2   27 46298.003846 41009.490694
 122   -1    2   28 52134.609239 47018.875227
 122   -1    2   31 42236.739991 37102.138075
 122   -1    2   32 40616.144432 36175.390640
 122   -1    2   34 45778.295047 41111.082850
 122   -1    2   35 51024.253349 45777.312806
 122   -1    2   36 51702.059885 46453.404829
 126    1    1    3 55588.876697 50130.096303
 126    1    1    6 53158.082131 48229.599844
 126    1    1    7 52482.870763 47120.275002
 126    1    1    8 47356.156008 42457.303286
 126    1    1    9 54300.148244 48921.363334
 126    1    1   11 54483.272196 49486.540583
 126    1    1   12 55192.035484 49773.743767
 126    1    1   13 58109.046483 52426.871615
 126    1    1   15 51764.047487 46883.693663
 126    1    1   17 56517.076442 50558.869135
 126   -1    1    1 54145.629114 49039.768316
 126   -1    1    2 52796.366207 47077.255386
 126   -1    1    4 50866.720970 45294.890502
 126   -1    1    5 50653.156582 44898.882014
 126   -1    1   10 52889.129798 47108.130684
 126   -1    1   14 48884.994571 43732.544197
 126   -1    1   16 50447.320021 45181.045216
 126   -1    1   18 51292.332855 46302.711746
 126   -1    1   19 47249.127046 42677.521903
 126   -1    1   20 48589.103904 43321.519231
 126    1    2   21 50260.913776 45525.665264
 126    1    2   22 46616.790218 41422.678319
 126    1    2   23 52360.147992 47374.904662
 126    1    2   25 46765.370910 41697.819200
 126    1    2   28 50168.431521 44829.938210
 126    1    2   31 53400.374972 48053.345423
 126    1    2   32 49374.619563 44508.392453
 126    1    2   35 44413.035212 39914.543180
 126    1    2   37 50957.311418 45622.850774
 126    1    2   39 46697.794755 42031.098068
 126   -1    2   24 50351.140005 45147.654120
 126   -1    2   26 42228.320275 37589.282647
 126   -1    2   27 45358.666621 40668.328750
 126   -1    2   29 47657.905120 42579.832156
 126   -1    2   30 49353.567242 44303.931729
 126   -1    2   33 45757.748985 41262.599720
 126   -1    2   34 44696.767783 40368.964636
 126   -1    2   36 45746.899954 40838.707322
 126   -1    2   38 47397.386123 42380.322873
 126   -1    2   40 50509.871360 45439.373873
 127    1    1    4 53050.498107 47425.008889
 127    1    1    5 54688.145094 49570.862206
 127    1    1    6 57636.579975 52301.566813
 127    1    1    7 53753.956428 48675.552662
 127    1    1    8 54586.883536 48996.240212
 127    1    1    9 53699.971539 48698.955457
 127    1    1   15 52769.783789 47848.055733
 127    1    1   16 48999.553568 43833.440553
 127    1    1   17 47667.750339 42993.071595
 127    1    1   20 48774.545016 43983.943190
 127   -1    1    1 49839.470055 44845.170931
 127   -1    1    2 55495.148120 49993.209149
 127   -1    1    3 55385.039195 50105.747761
 127   -1    1   10 53849.381266 49044.899783
 127   -1    1   11 56055.406421 50529.523349
 127   -1    1   12 55472.724972 50082.083357
 127   -1    1   13 54699.855876 49007.447057
 127   -1    1   14 52612.300884 47456.252406
 127   -1    1   18 48491.328441 43309.291303
 127   -1    1   19 48898.551317 43842.325330
 127    1    2   21 45142.712689 40541.375682
 127    1    2   22 46419.631732 41452.150124
 127    1    2   23 46378.025676 41664.954445
 127    1    2   24 47790.036677 42916.235862
 127    1    2   26 46602.476890 42213.008156
 127    1    2   27 46647.297695 41925.514397
 127    1    2   36 41840.802259 37704.780733
 127    1    2   38 46126.215229 41563.162086
 127    1    2   39 44473.238987 40150.052558
 127    1    2   40 40580.841989 36498.531816
 127   -1    2   25 46221.146089 41609.305352
 127   -1    2   28 43277.591373 39032.960212
 127   -1    2   29 44250.376683 39591.533566
 127   -1    2   30 42379.355296 38029.141118
 127   -1    2   31 43260.530487 39009.069545
 127   -1    2   32 41998.459436 37889.632350
 127   -1    2   33 42539.756834 38330.148443
 127   -1    2   34 43844.623473 39631.556572
 127   -1    2   35 43668.061820 39216.119350
 127   -1    2   37 45190.409691 40693.982942
 130    1    1    1 46988.621999 42365.321691
 130    1    1    2 49420.060710 44361.726851
 130    1    1    3 50912.155432 45821.675530
 130    1    1    4 52789.629138 47503.348269
 130    1    1    7 49836.086944 44612.577915
 130    1    1    9 44769.584610 40405.016366
 130    1    1   13 55888.789664 50270.769408
 130    1    1   14 54341.274958 49198.898701
 130    1    1   15 52807.236655 47267.189142
 130    1    1   17 50866.572032 45922.148690
 130   -1    1    5 49882.403730 45020.643517
 130   -1    1    6 45374.278475 40408.900511
 130   -1    1    8 47463.646598 42354.443078
 130   -1    1   10 44361.970289 39657.589169
 130   -1    1   11 44808.176635 40217.940378
 130   -1    1   12 57900.020650 52175.942534
 130   -1    1   16 54969.896139 49195.485480
 130   -1    1   18 47772.270103 42468.975651
 130   -1    1   19 47032.182096 42142.575460
 130   -1    1   20 46836.276838 41838.920173
 130    1    2   21 49777.782754 44755.979217
 130    1    2   22 51658.975290 46492.955659
 130    1    2   23 44681.626992 40360.672027
 130    1    2   25 45141.864298 40586.743330
 130    1    2   26 47597.780030 43152.996521
 130    1    2   30 40903.509791 36674.585036
 130    1    2   32 45246.132673 40744.579986
 130    1    2   33 43075.627625 38714.841676
 130    1    2   35 40518.339273 36452.823235
 130    1    2   36 40927.523099 36820.833403
 130   -1    2   24 48391.438075 43682.002467
 130   -1    2   27 49923.634717 45249.254082
 130   -1    2   28 47790.990890 42608.891391
 130   -1    2   29 43903.093198 39478.985977
 130   -1    2   31 40525.856903 36525.145710
 130   -1    2   34 40079.139693 36057.817616
 130   -1    2   37 41947.321075 37786.224441
 130   -1    2   38 40578.089384 36482.682855
 130   -1    2   39 40037.351484 35996.356095
 130   -1    2   40 45996.005518 41375.628291
 132    1    1    1 49909.602622 45578.467956
 132    1    1    4 54944.400602 49768.237498
 132    1    1    9 54695.065511 49167.563397
 132    1    1   10 55216.298622 49468.563576
 132    1    1   12 54540.730229 49361.125702
 132    1    1   13 53780.974640 48251.227521
 132    1    1   15 46293.545264 41786.488384
 132    1    1   18 47067.440839 42384.532343
 132    1    1   19 43093.151236 38907.546880
 132    1    1   20 41986.547959 37825.539436
 132   -1    1    2 55313.381868 49596.209079
 132   -1    1    3 55091.030738 49576.278746
 132   -1    1    5 51655.252294 46415.908398
 132   -1    1    6 47508.110474 42406.103391
 132   -1    1    7 47105.255751 42583.209914
 132   -1    1    8 54444.504059 48889.308051
 132   -1    1   11 48122.684138 42703.550156
 132   -1    1   14 43616.745968 38837.228855
 132   -1    1   16 49752.512940 44468.090650
 132   -1    1   17 50421.275910 45940.473162
 132    1    2   21 49400.885722 44290.356840
 132    1    2   23 47244.835172 42791.588372
 132    1    2   24 51407.574979 46364.869712
 132    1    2   25 52379.339285 46993.850073
 132    1    2   26 47570.482292 42214.345356
 132    1    2   30 43926.887538 38939.465411
 132    1    2   32 54253.174648 48757.310134
 132    1    2   34 41087.414441 36811.576295
 132    1    2   37 41852.044889 37709.331311
 132    1    2   40 48647.272011 44569.528244
 132   -1    2   22 50639.306179 45742.726061
 132   -1    2   27 44543.726513 40505.640379
 132   -1    2   28 46104.837005 41289.252168
 132   -1    2   29 51727.529001 46758.909369
 132   -1    2   31 51666.085687 47514.455156
 132   -1    2   33 50391.678529 44850.618462
 132   -1    2   35 48476.755215 43781.975709
 132   -1    2   36 45777.937070 40894.066986
 132   -1    2   38 41114.035175 36195.668551
 132   -1    2   39 43158.650218 39064.862785
 134    1    1    1 46009.382780 41824.472041
 134    1    1    5 56489.174579 50847.028820
 134    1    1    7 54898.937309 49875.713088
 134    1    1    8 55428.485603 50636.020898
 134    1    1   10 56367.144707 50670.112795
 134    1    1   12 51449.024784 46366.236189
 134    1    1   15 49087.274804 44526.610887
 134    1    1   17 51735.730394 46936.758908
 134    1    1   18 50302.121037 45296.924714
 134    1    1   20 44025.159692 39596.011259
 134   -1    1    2 49911.197099 44757.198868
 134   -1    1    3 55504.492104 49949.610233
 134   -1    1    4 54242.792449 48686.852376
 134   -1    1    6 55153.316426 49700.788297
 134   -1    1    9 55028.465898 49376.082802
 134   -1    1   11 51972.437990 46945.549877
 134   -1    1   13 47259.516285 42054.597294
 134   -1    1   14 48866.202695 43573.224687
 134   -1    1   16 47234.847527 41841.694419
 134   -1    1   19 51255.157328 46053.336178
 134    1    2   22 50058.921056 46045.616478
 134    1    2   23 47077.283266 42505.797412
 134    1    2   25 47412.366071 42743.156141
 134    1    2   28 49179.265714 44348.406761
 134    1    2   30 47847.810830 43211.026375
 134    1    2   32 50546.040555 45367.024995
 134    1    2   33 47230.131955 42745.020856
 134    1    2   34 50122.738925 45559.070416
 134    1    2   36 46950.836993 42918.957743
 134    1    2   38 41687.160027 37320.518506
 134   -1    2   21 47051.950495 42292.657884
 134   -1    2   24 45104.322901 40434.512197
 134   -1    2   26 47951.016332 43574.911778
 134   -1    2   27 48138.497769 42751.072079
 134   -1    2   29 52514.137399 47673.681628
 134   -1    2   31 47856.932679 42865.417712
 134   -1    2   35 45129.534242 40501.992149
 134   -1    2   37 43704.898563 39327.639661
 134   -1    2   39 39947.497059 35941.440451
 134   -1    2   40 43110.591688 38361.921813
 139    1    1    2 46090.482957 41107.743298
 139    1    1    7 45824.726302 41361.234916
 139    1    1    8 43397.638066 38237.740425
 139    1    1   11 48718.324686 43401.725518
 139    1    1   12 49598.924926 44619.880350
 139    1    1   14 46709.491072 42157.353131
 139    1    1   15 47898.609892 42723.713197
 139    1    1   16 53933.065233 48481.973125
 139    1    1   17 50174.939067 44545.744801
 139    1    1   19 42401.369207 37350.755598
 139   -1    1    1 49055.886935 44495.664880
 139   -1    1    3 46731.159508 41764.303799
 139   -1    1    4 50655.329575 46107.395127
 139   -1    1    5 52778.096223 47650.364738
 139   -1    1    6 47059.759566 42414.212409
 139   -1    1    9 45256.719649 40129.093202
 139   -1    1   10 50518.510164 45359.157289
 139   -1    1   13 49905.058984 44930.653095
 139   -1    1   18 53317.314508 47951.336122
 139   -1    1   20 47871.820217 42827.829299
 139    1    2   21 53660.392895 48230.958547
 139    1    2   22 51930.770138 46813.057614
 139    1    2   23 47488.799838 42430.923720
 139    1    2   24 49038.982925 43702.518531
 139    1    2   26 56273.794105 50833.364639
 139    1    2   32 53442.126538 47576.044120
 139    1    2   33 50235.074384 45280.495530
 139    1    2   35 45744.657626 40660.424254
 139    1    2   37 49032.126114 43355.961251
 139    1    2   39 50494.561163 45648.154080
 139   -1    2   25 51949.997078 46764.765492
 139   -1    2   27 49299.205133 43976.808822
 139   -1    2   28 50672.249313 45929.382691
 139   -1    2   29 55242.518066 49705.506545
 139   -1    2   30 50059.554180 44309.231089
 139   -1    2   31 56560.205045 51045.182092
 139   -1    2   34 52323.548998 46754.957294
 139   -1    2   36 52940.373481 48054.022242
 139   -1    2   38 47122.963648 42719.554160
 139   -1    2   40 53219.762223 48269.073172
 140    1    1    5 55370.599250 49708.574794
 140    1    1    8 45399.244889 39861.912255
 140    1    1    9 45141.001996 40237.592215
 140    1    1   10 46531.698090 41475.645782
 140    1    1   11 48289.043646 43220.679177
 140    1    1   13 46437.336134 41538.541922
 140    1    1   14 44763.538888 40012.595781
 140    1    1   15 46127.991032 41000.211620
 140    1    1   18 45554.406310 41178.798894
 140    1    1   19 43617.007413 39017.999344
 140   -1    1    1 52718.222188 47446.736216
 140   -1    1    2 55767.439124 50713.344125
 140   -1    1    3 55946.777388 50083.167021
 140   -1    1    4 53144.741668 47818.414829
 140   -1    1    6 49541.420542 43760.924395
 140   -1    1    7 46096.908641 40404.473561
 140   -1    1   12 47729.487320 42640.804908
 140   -1    1   16 43651.286697 39056.605091
 140   -1    1   17 46614.282170 42271.582314
 140   -1    1   20 46957.922916 42052.560303
 140    1    2   21 47332.021064 42606.840300
 140    1    2   22 43684.178166 39063.669292
 140    1    2   25 40702.167415 36408.040510
 140    1    2   28 48031.509820 43244.217854
 140    1    2   29 44075.161860 39753.099389
 140    1    2   30 39794.152430 35789.853791
 140    1    2   31 40241.730843 36214.621225
 140    1    2   33 42402.572539 38297.742107
 140    1    2   34 43334.015131 38689.639151
 140    1    2   36 42187.397221 37977.896012
 140   -1    2   23 46753.436767 41750.904568
 140   -1    2   24 44972.377638 40169.271679
 140   -1    2   26 41290.267045 37200.205689
 140   -1    2   27 46514.471380 41851.832711
 140   -1    2   32 41218.723101 37123.478899
 140   -1    2   35 45290.024985 40785.503017
 140   -1    2   37 43600.103321 39248.450160
 140   -1    2   38 47391.130584 42546.829851
 140   -1    2   39 45323.308679 40817.280356
 140   -1    2   40 48054.033387 43743.697418
 141    1    1    3 54762.804040 49457.806720
 141    1    1    6 53018.697010 47705.774364
 141    1    1    7 52524.502506 47487.513729
 141    1    1   12 49866.940563 44542.599154
 141    1    1   13 43729.186657 39150.415580
 141    1    1   15 49847.669219 44738.147762
 141    1    1   17 51083.632726 46378.207813
 141    1    1   18 50436.005541 45549.271195
 141    1    1   19 52449.006423 47558.981983
 141    1    1   20 48887.875849 44362.349468
 141   -1    1    1 48035.107868 43409.269458
 141   -1    1    2 54705.415066 49486.002176
 141   -1    1    4 55165.762284 49784.131710
 141   -1    1    5 57247.660382 51859.755348
 141   -1    1    8 48772.060108 44105.411564
 141   -1    1    9 54668.476015 49196.498262
 141   -1    1   10 53596.422486 48508.644837
 141   -1    1   11 52777.332012 47425.474990
 141   -1    1   14 50827.719434 46367.695768
 141   -1    1   16 49668.891329 44923.652808
 141    1    2   22 45137.219734 40783.027571
 141    1    2   25 45884.307658 40526.060217
 141    1    2   29 47285.912032 42518.462532
 141    1    2   30 46528.274952 41682.025994
 141    1    2   31 46274.819782 41804.397355
 141    1    2   32 44760.581801 40431.605365
 141    1    2   37 50905.511560 46126.774332
 141    1    2   38 47146.562486 42290.868595
 141    1    2   39 50583.584225 45723.363673
 141    1    2   40 49517.108670 44395.123293
 141   -1    2   21 49922.396236 44831.231354
 141   -1    2   23 42442.016087 38306.593523
 141   -1    2   24 51238.590794 46731.608758
 141   -1    2   26 48635.214336 43693.919676
 141   -1    2   27 49986.099498 44912.633770
 141   -1    2   28 50448.710204 45312.686246
 141   -1    2   33 47110.770236 42465.479481
 141   -1    2   34 50800.418514 45537.877576
 141   -1    2   35 50200.041712 45065.723733
 141   -1    2   36 49287.925535 44424.730066
 143    1    1    2 54671.679231 49029.860290
 143    1    1    7 51943.144465 47064.089780
 143    1    1    8 52000.577466 46702.789616
 143    1    1    9 51800.204535 46467.624646
 143    1    1   12 52949.490032 47629.266715
 143    1    1   15 52407.315188 47156.785538
 143    1    1   16 49382.640682 44219.444664
 143    1    1   18 47327.565741 42673.792267
 143    1    1   19 49142.120956 44271.107578
 143    1    1   20 46364.424983 41400.443004
 143   -1    1    1 53123.175909 47859.195718
 143   -1    1    3 56231.323050 50658.912644
 143   -1    1    4 54661.609398 49265.169960
 143   -1    1    5 55851.453415 50729.262525
 143   -1    1    6 52289.929469 47041.885610
 143   -1    1   10 55116.495624 49757.881919
 143   -1    1   11 53300.639264 48162.971870
 143   -1    1   13 54001.040174 48507.866427
 143   -1    1   14 54865.637115 49711.672451
 143   -1    1   17 49442.854342 44204.061825
 143    1    2   23 43739.448180 39428.162716
 143    1    2   24 47098.451392 42199.541788
 143    1    2   25 48445.726601 43470.942536
 143    1    2   26 45427.892997 40943.236681
 143    1    2   28 46186.917057 41076.291388
 143    1    2   32 48524.357157 44146.448521
 143    1    2   36 49420.133286 44481.711667
 143    1    2   37 41656.743126 36726.323466
 143    1    2   38 46563.782282 42186.988267
 143    1    2   39 44457.702956 39806.173357
 143   -1    2   21 53604.283656 48394.536306
 143   -1    2   22 48964.485543 43753.452299
 143   -1    2   27 44471.288307 40031.893057
 143   -1    2   29 46745.433310 42268.948167
 143   -1    2   30 48968.169704 44005.678118
 143   -1    2   31 45935.691880 40940.321704
 143   -1    2   33 44156.632704 39425.779234
 143   -1    2   34 46323.237538 41794.562838
 143   -1    2   35 48629.242474 43647.167863
 143   -1    2   40 47229.285113 42487.118786
 145    1    1    1 46161.066342 41361.451998
 145    1    1    4 51572.300731 46211.642070
 145    1    1    5 50522.688503 45432.810810
 145    1    1    6 50347.733916 45535.252589
 145    1    1   10 49056.233525 44467.508146
 145    1    1   11 46501.212522 41613.612320
 145    1    1   16 46720.881948 41925.891461
 145    1    1   17 43593.820328 39222.690372
 145    1    1   18 46761.658135 42066.651780
 145    1    1   20 42837.166785 38405.646304
 145   -1    1    2 50445.427848 45194.264575
 145   -1    1    3 53259.090702 48086.387614
 145   -1    1    7 54188.990167 49301.869518
 145   -1    1    8 54040.043261 48769.304646
 145   -1    1    9 52044.230475 46807.539383
 145   -1    1   12 51810.459261 46620.952686
 145   -1    1   13 47562.573295 42888.683296
 145   -1    1   14 51583.865591 46505.337606
 145   -1    1   15 55419.716044 49806.985693
 145   -1    1   19 47128.410146 42362.280328
 145    1    2   24 50898.628542 46188.120881
 145    1    2   25 47827.861086 42888.259686
 145    1    2   26 46389.046147 41713.164584
 145    1    2   28 50661.068773 45569.428854
 145    1    2   30 47334.334249 42387.218532
 145    1    2   33 49720.040461 44719.438539
 145    1    2   35 52058.207546 46589.147046
 145    1    2   36 51609.441874 46202.237554
 145    1    2   39 55738.701837 50198.221737
 145    1    2   40 52099.352754 46998.755047
 145   -1    2   21 46181.384833 41593.250298
 145   -1    2   22 53924.791798 48971.320969
 145   -1    2   23 52766.438485 47871.215086
 145   -1    2   27 46015.402434 41377.118347
 145   -1    2   29 53231.046029 47910.925894
 145   -1    2   31 51846.834127 46881.185630
 145   -1    2   32 52743.249855 47514.018817
 145   -1    2   34 47926.044613 43272.811870
 145   -1    2   37 48254.066071 43498.870811
 145   -1    2   38 52487.194193 47306.045208
 153    1    1    1 49277.422257 44442.635343
 153    1    1    2 54985.220455 49568.198048
 153    1    1    6 53135.880264 47693.622748
 153    1    1    7 52621.132825 47313.764950
 153    1    1   11 50411.904823 45058.301777
 153    1    1   12 49331.284543 44210.722599
 153    1    1   13 50663.577701 45814.530044
 153    1    1   17 51300.625651 46346.200875
 153    1    1   19 46590.119274 41686.714199
 153    1    1   20 46982.536293 42345.435456
 153   -1    1    3 55419.824621 49750.941155
 153   -1    1    4 57007.080439 51779.956893
 153   -1    1    5 56925.053599 51240.225545
 153   -1    1    8 55174.160718 49948.740246
 153   -1    1    9 55737.367168 50013.634801
 153   -1    1   10 51851.657200 46435.799572
 153   -1    1   14 52368.157194 47266.222972
 153   -1    1   15 46446.234981 41433.745981
 153   -1    1   16 52534.405507 47413.250100
 153   -1    1   18 48483.974765 43836.790974
 153    1    2   21 47863.137534 42716.288241
 153    1    2   23 51998.646730 46439.464059
 153    1    2   24 50419.353839 45158.063608
 153    1    2   25 49290.028955 44182.974433
 153    1    2   29 48977.832207 43957.286789
 153    1    2   31 43126.689893 38617.107358
 153    1    2   32 48546.623931 43268.070514
 153    1    2   35 47954.167254 42721.927843
 153    1    2   36 46774.241357 41477.636799
 153    1    2   40 49447.918565 43914.745063
 153   -1    2   22 49720.218105 44628.381884
 153   -1    2   26 51382.041728 46628.535200
 153   -1    2   27 47977.104600 42716.649613
 153   -1    2   28 44704.629151 40321.742568
 153   -1    2   30 46196.847239 41352.435615
 153   -1    2   33 50218.316958 44783.356304
 153   -1    2   34 52438.861975 46723.880255
 153   -1    2   37 45030.131395 40773.801823
 153   -1    2   38 41991.844112 37572.201552
 153   -1    2   39 48901.807252 44040.272544
 157    1    1    3 56031.585333 50501.105314
 157    1    1    5 53248.270805 47830.433875
 157    1    1    6 56601.454851 51484.903144
 157    1    1   11 55721.528420 50670.221519
 157    1    1   13 49733.267510 44630.665596
 157    1    1   15 47771.911729 42670.605671
 157    1    1   16 50797.983465 46041.734788
 157    1    1   17 46629.606205 41806.332023
 157    1    1   18 51968.337239 46805.727542
 157    1    1   19 47742.930920 42470.955602
 157   -1    1    1 50430.903338 45771.836320
 157   -1    1    2 53560.078908 48172.547016
 157   -1    1    4 54143.917576 48432.215570
 157   -1    1    7 53274.135872 48207.161861
 157   -1    1    8 51726.368731 46715.303242
 157   -1    1    9 55143.268252 49533.910148
 157   -1    1   10 54107.990436 48723.526950
 157   -1    1   12 49644.096053 44133.803398
 157   -1    1   14 46198.796481 41452.512365
 157   -1    1   20 42050.307871 37539.284302
 157    1    2   22 54651.941479 49173.123098
 157    1    2   23 50787.504597 45562.057327
 157    1    2   25 54894.002723 50072.911044
 157    1    2   27 54188.873361 48843.275648
 157    1    2   28 52942.893901 47702.133653
 157    1    2   29 50786.389616 45333.432583
 157    1    2   32 52359.664928 46785.214606
 157    1    2   36 49874.101355 45058.306432
 157    1    2   38 44774.806464 39941.041550
 157    1    2   40 52731.642066 47559.454590
 157   -1    2   21 44310.927585 39360.424950
 157   -1    2   24 47991.295956 43314.351134
 157   -1    2   26 51929.622439 46414.527274
 157   -1    2   30 40482.725314 36330.333242
 157   -1    2   31 52845.493459 47572.633316
 157   -1    2   33 52146.767404 46440.190597
 157   -1    2   34 43244.570870 38637.226905
 157   -1    2   35 47689.278355 42700.388578
 157   -1    2   37 43790.726084 38796.141770
 157   -1    2   39 53882.921110 48017.480834
 159    1    1    2 49755.299534 44624.806480
 159    1    1    4 51083.261345 46179.137125
 159    1    1    5 52113.058508 47226.520154
 159    1    1    6 51953.372386 46986.688033
 159    1    1    7 50905.578276 46033.955814
 159    1    1    8 52235.855390 47091.884543
 159    1    1   11 50344.582316 45671.204959
 159    1    1   16 50955.259940 46150.337455
 159    1    1   17 50965.819051 45791.440155
 159    1    1   18 50650.298034 45315.779086
 159   -1    1    1 45051.510003 40835.188078
 159   -1    1    3 50020.892689 45076.641391
 159   -1    1    9 49312.721071 43816.415528
 159   -1    1   10 47698.346696 42353.961942
 159   -1    1   12 46295.041778 41300.603927
 159   -1    1   13 47545.743367 42552.718870
 159   -1    1   14 49356.508920 44120.046293
 159   -1    1   15 49133.733611 43825.211595
 159   -1    1   19 46855.232672 42644.239835
 159   -1    1   20 43344.563227 38576.987462
 159    1    2   21 49731.121127 45138.623014
 159    1    2   22 49667.312363 44845.376257
 159    1    2   24 49841.826172 44929.152114
 159    1    2   25 50135.137033 45310.977197
 159    1    2   27 47498.098413 42491.681705
 159    1    2   30 50139.567274 45416.978362
 159    1    2   32 48533.172753 43773.242960
 159    1    2   38 53314.218968 47947.925440
 159    1    2   39 48698.507855 43545.641886
 159    1    2   40 48552.043480 43687.999494
 159   -1    2   23 51044.922054 45872.170108
 159   -1    2   26 51030.234331 45867.940631
 159   -1    2   28 45334.855764 40850.549826
 159   -1    2   29 49432.936521 45013.975597
 159   -1    2   31 48558.127442 43797.571424
 159   -1    2   33 48389.409661 43912.330591
 159   -1    2   34 46478.996180 41333.782405
 159   -1    2   35 48234.677546 43934.688949
 159   -1    2   36 48732.464880 44234.923228
 159   -1    2   37 50917.226384 45587.376226
 160    1    1    1 43887.367762 39731.851839
 160    1    1    5 49317.576290 44473.213482
 160    1    1    8 50716.018018 45502.021092
 160    1    1    9 53202.518390 48246.202890
 160    1    1   10 49911.262092 44800.963807
 160    1    1   12 53354.564760 48054.274059
 160    1    1   15 49810.399892 44581.416026
 160    1    1   16 50553.106155 45316.788177
 160    1    1   17 50456.403759 45213.669140
 160    1    1   20 50854.730375 45531.527914
 160   -1    1    2 49223.433322 44327.081166
 160   -1    1    3 47523.160037 42690.499297
 160   -1    1    4 48734.142943 43784.921876
 160   -1    1    6 48154.698237 43023.102692
 160   -1    1    7 49048.432927 43913.628971
 160   -1    1   11 51544.033322 46322.378090
 160   -1    1   13 49209.039503 43908.879569
 160   -1    1   14 47672.847446 42332.329206
 160   -1    1   18 47376.564733 42684.570132
 160   -1    1   19 53659.494020 48921.862959
 160    1    2   22 50461.958376 45770.610872
 160    1    2   25 48991.206398 44171.749847
 160    1    2   27 50174.299377 45323.480410
 160    1    2   28 50373.268881 45777.593128
 160    1    2   29 50590.847247 45474.218469
 160    1    2   32 53934.240297 48863.558452
 160    1    2   37 47792.933028 43459.892560
 160    1    2   38 47393.595586 42639.311644
 160    1    2   39 49140.546532 43804.576985
 160    1    2   40 48704.214735 43757.705350
 160   -1    2   21 49547.929680 44069.519424
 160   -1    2   23 50714.374310 45313.219395
 160   -1    2   24 43259.774205 38974.562445
 160   -1    2   26 45895.097756 41263.301494
 160   -1    2   30 48779.054616 43704.241789
 160   -1    2   31 49032.158173 44128.617786
 160   -1    2   33 50748.727307 45693.726303
 160   -1    2   34 50355.968906 45250.856568
 160   -1    2   35 47901.660125 43167.541285
 160   -1    2   36 46341.912438 41125.519842
 162    1    1    1 48598.434431 43734.433806
 162    1    1    2 50107.745075 45319.520751
 162    1    1    4 48943.570129 44172.503998
 162    1    1    8 50892.889522 46099.389983
 162    1    1   11 50193.363139 45043.728532
 162    1    1   15 50492.420806 45382.953682
 162    1    1   16 49694.573371 44909.512480
 162    1    1   18 47920.331549 43385.445526
 162    1    1   19 48859.695852 43771.329897
 162    1    1   20 50276.914787 45826.298559
 162   -1    1    3 50661.809814 45449.166582
 162   -1    1    5 49790.832224 44620.434669
 162   -1    1    6 51248.469280 46118.094454
 162   -1    1    7 51954.573359 46615.524519
 162   -1    1    9 47117.460982 42370.364159
 162   -1    1   10 49095.285512 44253.086397
 162   -1    1   12 45511.581388 41439.740311
 162   -1    1   13 50852.760496 46108.553125
 162   -1    1   14 48657.939312 44303.272001
 162   -1    1   17 49287.564050 44436.269753
 162    1    2   22 51208.359765 46110.618596
 162    1    2   23 50876.452925 45888.570083
 162    1    2   24 51856.522227 47286.813737
 162    1    2   29 48771.469722 43572.418374
 162    1    2   30 51825.112139 47072.659265
 162    1    2   31 50805.154165 45623.158463
 162    1    2   34 52803.386639 47417.021212
 162    1    2   35 46748.684563 42393.151587
 162    1    2   38 48950.967517 44056.065325
 162    1    2   39 50421.481293 45867.514089
 162   -1    2   21 47731.167882 42888.451746
 162   -1    2   25 49561.027572 44262.956272
 162   -1    2   26 51313.040137 46125.074605
 162   -1    2   27 50602.751416 45376.456019
 162   -1    2   28 50402.321860 44866.316789
 162   -1    2   32 50990.356458 45621.916348
 162   -1    2   33 48408.927666 43795.801329
 162   -1    2   36 51438.144895 45798.889334
 162   -1    2   37 49135.102764 44393.211454
 162   -1    2   40 50763.537234 45601.424462
 164    1    1    1 44249.894724 40249.387673
 164    1    1    4 52285.597850 47187.231829
 164    1    1    5 53202.102082 48190.105782
 164    1    1    7 57864.652241 52435.236033
 164    1    1    9 52888.763560 47737.708396
 164    1    1   11 57115.816497 51543.135800
 164    1    1   12 54973.019736 49427.922864
 164    1    1   13 54556.773626 49024.371319
 164    1    1   16 54265.267038 48863.664400
 164    1    1   20 50619.790926 45574.748153
 164   -1    1    2 52811.188305 47395.465482
 164   -1    1    3 50297.819219 45212.438893
 164   -1    1    6 54010.990445 48528.141111
 164   -1    1    8 55369.624063 49784.637089
 164   -1    1   10 53332.537474 47679.058420
 164   -1    1   14 50903.524480 45322.988367
 164   -1    1   15 49639.228945 44318.159294
 164   -1    1   17 47611.561698 42237.218578
 164   -1    1   18 46197.888411 41717.554536
 164   -1    1   19 48924.417247 44052.483539
 164    1    2   23 51771.602478 46576.911720
 164    1    2   25 46033.992701 41299.526385
 164    1    2   26 52193.392295 47009.606069
 164    1    2   28 47025.327549 42395.111727
 164    1    2   32 43751.504072 39253.429924
 164    1    2   34 48516.284169 43918.021419
 164    1    2   35 49399.751147 44199.617328
 164    1    2   36 50734.165826 45577.275631
 164    1    2   37 50914.489256 46064.012648
 164    1    2   39 49610.646814 44601.749479
 164   -1    2   21 51726.807185 46499.335709
 164   -1    2   22 55198.737616 50200.274832
 164   -1    2   24 48785.078973 44132.050901
 164   -1    2   27 41328.177590 36384.087369
 164   -1    2   29 43148.370715 38730.364234
 164   -1    2   30 47752.856806 42899.158553
 164   -1    2   31 47746.624209 42810.362700
 164   -1    2   33 46978.464327 41972.571969
 164   -1    2   38 51919.961636 46600.057693
 164   -1    2   40 44914.157356 40307.643385
 165    1    1    1 57242.989409 51743.440832
 165    1    1    2 58584.333767 52654.235381
 165    1    1    8 52915.030273 47465.246479
 165    1    1   10 49161.098903 44623.705730
 165    1    1   14 54148.022473 48255.780509
 165    1    1   15 54333.255057 48635.396817
 165    1    1   16 50618.983526 45392.099833
 165    1    1   17 51614.580502 45966.584879
 165    1    1   19 50839.578282 45498.016101
 165    1    1   20 51291.257080 45841.914816
 165   -1    1    3 54837.173834 49229.413158
 165   -1    1    4 56598.489149 50685.429026
 165   -1    1    5 53767.012036 47988.954500
 165   -1    1    6 50902.528940 45289.069717
 165   -1    1    7 55298.123492 49679.895754
 165   -1    1    9 45559.567035 40392.815648
 165   -1    1   11 46252.739008 41357.435788
 165   -1    1   12 47658.078408 42667.629385
 165   -1    1   13 49709.682037 44677.087630
 165   -1    1   18 51953.849752 46654.639029
 165    1    2   21 46056.376432 41576.202589
 165    1    2   22 56520.049996 50977.305747
 165    1    2   28 48900.894492 44135.744763
 165    1    2   29 54204.880420 48788.500782
 165    1    2   31 52989.259134 48051.410993
 165    1    2   32 48668.897979 42909.444677
 165    1    2   33 46994.140717 42539.853734
 165    1    2   35 49048.249995 44316.852145
 165    1    2   36 52013.030856 46615.689212
 165    1    2   38 47847.419583 43120.822627
 165   -1    2   23 55681.947480 50023.583606
 165   -1    2   24 55715.066883 49841.796732
 165   -1    2   25 51463.430173 46410.095550
 165   -1    2   26 48223.498388 43001.646147
 165   -1    2   27 46026.805475 41354.963451
 165   -1    2   30 46807.250667 42198.448113
 165   -1    2   34 44715.008623 39997.769967
 165   -1    2   37 48229.053559 42816.205050
 165   -1    2   39 43829.314302 39112.031172
 165   -1    2   40 46509.447917 41978.046190
 167    1    1    2 45536.528336 40658.016652
 167    1    1    5 47595.829239 42721.098785
 167    1    1   12 51871.712949 46957.883248
 167    1    1   14 51245.068702 46128.368553
 167    1    1   15 51151.231957 46359.088229
 167    1    1   16 49671.271789 44852.786114
 167    1    1   17 48925.709865 44202.806400
 167    1    1   18 49780.060909 44911.905384
 167    1    1   19 50541.612924 45096.303251
 167    1    1   20 49857.559112 44961.615875
 167   -1    1    1 41060.019975 36874.823314
 167   -1    1    3 44509.133457 40192.116806
 167   -1    1    4 46669.767025 42052.508613
 167   -1    1    6 47859.725360 43047.800261
 167   -1    1    7 46940.912465 42057.909959
 167   -1    1    8 50833.797706 45939.789786
 167   -1    1    9 50687.697698 45654.428237
 167   -1    1   10 51426.045040 45674.658326
 167   -1    1   11 51492.453872 46604.405219
 167   -1    1   13 51527.437049 46454.236616
 167    1    2   24 50386.919577 45533.466062
 167    1    2   25 50694.854775 45456.675771
 167    1    2   28 53877.112021 48528.416075
 167    1    2   29 54068.140069 48667.889396
 167    1    2   31 53157.192790 47730.298365
 167    1    2   32 49955.021847 44706.350845
 167    1    2   33 48595.967659 43356.800210
 167    1    2   34 50972.005667 45798.051042
 167    1    2   37 47098.303245 42261.719316
 167    1    2   40 50871.522754 45513.449485
 167   -1    2   21 50933.073275 45727.247712
 167   -1    2   22 49880.482996 44869.083301
 167   -1    2   23 52427.765868 47020.804098
 167   -1    2   26 50297.348033 45233.544956
 167   -1    2   27 50934.046687 45937.756217
 167   -1    2   30 55124.731286 49948.892092
 167   -1    2   35 51444.400267 46364.174102
 167   -1    2   36 50698.484181 45595.875121
 167   -1    2   38 50716.154993 45465.639412
 167   -1    2   39 52267.244051 46959.883017
 168    1    1    1 44155.269759 39918.273426
 168    1    1    3 50725.531196 45208.364663
 168    1    1    4 51070.604240 45704.786028
 168    1    1    6 51936.897749 46700.232874
 168    1    1    8 50323.711048 44758.792542
 168    1    1   10 52808.331348 47602.984807
 168    1    1   15 48756.285063 43790.988635
 168    1    1   17 48564.812050 43318.931629
 168    1    1   19 50037.697566 45155.193519
 168    1    1   20 44841.330454 40223.184586
 168   -1    1    2 50128.805098 45045.386906
 168   -1    1    5 53381.103074 48220.019354
 168   -1    1    7 53969.470403 48117.559191
 168   -1    1    9 51181.106659 45730.708842
 168   -1    1   11 49868.368701 44077.467280
 168   -1    1   12 52976.921641 48035.177889
 168   -1    1   13 52064.492513 46740.774083
 168   -1    1   14 49373.526165 44400.087645
 168   -1    1   16 51027.298268 45563.611744
 168   -1    1   18 49773.938858 44798.336333
 168    1    2   22 51221.116569 46083.516967
 168    1    2   24 46270.332088 41075.828606
 168    1    2   25 44574.846411 39868.251665
 168    1    2   26 40814.363318 35966.931513
 168    1    2   27 43014.959690 38481.739069
 168    1    2   28 45140.714883 40389.879341
 168    1    2   29 46616.377949 42035.526389
 168    1    2   32 42148.180966 37466.438118
 168    1    2   34 46767.422324 41844.542530
 168    1    2   36 48691.549691 44082.517548
 168   -1    2   21 45658.596681 40877.729566
 168   -1    2   23 48373.560183 43277.816757
 168   -1    2   30 45436.592423 40678.178456
 168   -1    2   31 46533.220292 41221.082740
 168   -1    2   33 46114.938583 41573.594422
 168   -1    2   35 46249.597472 41653.502491
 168   -1    2   37 46341.253975 41618.743769
 168   -1    2   38 46822.430565 41933.939470
 168   -1    2   39 47849.183517 43494.863347
 168   -1    2   40 48652.925520 43924.013850
 169    1    1    2 51552.105213 46271.493902
 169    1    1    3 53946.664658 48496.019792
 169    1    1    4 56000.670654 50336.278422
 169    1    1    8 51756.929262 46798.572226
 169    1    1    9 53221.570789 47773.153200
 169    1    1   11 51216.191583 45927.334055
 169    1    1   12 51416.118187 46120.346101
 169    1    1   13 51271.707054 45539.637204
 169    1    1   17 53061.442330 47910.826903
 169    1    1   19 49677.628076 44200.403034
 169   -1    1    1 47232.753236 42623.601414
 169   -1    1    5 50555.600327 44698.199941
 169   -1    1    6 49351.327961 44198.775872
 169   -1    1    7 51505.889060 46002.852631
 169   -1    1   10 51112.238859 45459.794888
 169   -1    1   14 49347.058636 43426.095431
 169   -1    1   15 52800.393883 47049.907214
 169   -1    1   16 52133.304375 46680.873659
 169   -1    1   18 45888.174627 40361.041420
 169   -1    1   20 48681.962217 43095.832207
 169    1    2   22 48821.275837 43842.350869
 169    1    2   25 50827.499705 45742.361006
 169    1    2   28 49533.590321 44522.445010
 169    1    2   31 50371.758961 44563.171519
 169    1    2   33 47088.352588 42364.505963
 169    1    2   34 49958.392604 44174.996956
 169    1    2   37 45274.855849 40573.376696
 169    1    2   38 53542.241569 48580.794318
 169    1    2   39 52230.294161 47009.144443
 169    1    2   40 53050.218129 47727.567065
 169   -1    2   21 46627.036470 41431.300901
 169   -1    2   23 50542.466444 45260.792317
 169   -1    2   24 49366.752838 44479.301237
 169   -1    2   26 51127.290977 45530.847465
 169   -1    2   27 43947.805102 39362.296495
 169   -1    2   29 47210.826152 42015.647867
 169   -1    2   30 44838.596093 39993.534509
 169   -1    2   32 47996.875605 42786.995811
 169   -1    2   35 45918.780197 41259.367168
 169   -1    2   36 41046.538417 36852.997962
 173    1    1    1 41394.828038 37354.960792
 173    1    1    5 49231.943351 44393.963755
 173    1    1    6 50461.834769 45158.593616
 173    1    1    7 48626.309221 43607.588702
 173    1    1    9 49948.020198 45117.954518
 173    1    1   12 52890.663733 47537.535578
 173    1    1   17 51640.347193 46741.297983
 173    1    1   18 50260.692851 45121.099162
 173    1    1   19 50598.832747 45383.017079
 173    1    1   20 50030.458430 45104.026290
 173   -1    1    2 43845.523310 39347.797241
 173   -1    1    3 48922.672181 44026.532247
 173   -1    1    4 46617.230872 41783.896588
 173   -1    1    8 47593.366610 42519.771818
 173   -1    1   10 49090.830607 44107.262319
 173   -1    1   11 51406.867258 45970.066417
 173   -1    1   13 51118.132603 45703.015902
 173   -1    1   14 51992.481361 46804.077559
 173   -1    1   15 51657.063824 46323.357567
 173   -1    1   16 50743.174884 45662.301188
 173    1    2   21 53181.087617 47872.701238
 173    1    2   23 54090.192614 48529.861618
 173    1    2   26 48349.689490 43621.495374
 173    1    2   27 52686.113732 47438.058900
 173    1    2   30 51043.554212 45952.520257
 173    1    2   31 56168.297187 50722.095334
 173    1    2   32 52255.940991 46682.237650
 173    1    2   35 54254.426197 48910.410743
 173    1    2   39 52123.290638 46709.830857
 173    1    2   40 51543.667379 46095.670206
 173   -1    2   22 53612.433645 48017.471358
 173   -1    2   24 51954.478400 46699.910689
 173   -1    2   25 47924.977058 42959.853916
 173   -1    2   28 51345.471333 46088.931514
 173   -1    2   29 50010.099851 44805.028398
 173   -1    2   33 49483.337371 44171.544942
 173   -1    2   34 50448.199847 45721.185052
 173   -1    2   36 51570.011554 46188.590758
 173   -1    2   37 49450.688769 44108.552679
 173   -1    2   38 50721.416236 45180.160180
 176    1    1    1 43682.260862 39680.608448
 176    1    1    2 50026.106948 45143.551708
 176    1    1    6 50323.660782 45407.679625
 176    1    1    9 53782.100601 47827.434416
 176    1    1   10 51588.788850 46871.845441
 176    1    1   11 52216.349639 47019.050659
 176    1    1   12 50789.871119 45588.690106
 176    1    1   13 51262.458424 45861.787773
 176    1    1   14 49967.973735 45235.908263
 176    1    1   17 51861.970484 46844.547969
 176   -1    1    3 49146.580536 43892.972993
 176   -1    1    4 50502.610477 45326.197310
 176   -1    1    5 47957.259114 42917.941793
 176   -1    1    7 49659.626633 44284.467676
 176   -1    1    8 48001.991046 42906.259324
 176   -1    1   15 55489.940493 50295.142091
 176   -1    1   16 52237.978275 46472.721608
 176   -1    1   18 51075.003713 45253.246251
 176   -1    1   19 49346.086244 43936.545262
 176   -1    1   20 53963.499955 49571.624188
 176    1    2   21 48673.257435 44034.474948
 176    1    2   25 45020.074429 40074.910011
 176    1    2   29 45753.650296 40631.491906
 176    1    2   30 47388.604907 42660.470698
 176    1    2   31 48597.484803 44033.282358
 176    1    2   32 53966.688630 48865.286236
 176    1    2   35 47192.181527 42487.176984
 176    1    2   36 44722.436552 40375.832916
 176    1    2   37 49336.311063 44782.735709
 176    1    2   38 53968.610062 48450.470386
 176   -1    2   22 43959.498043 39108.592931
 176   -1    2   23 45960.826177 41200.030113
 176   -1    2   24 48201.087596 42978.773243
 176   -1    2   26 47669.336332 42506.311807
 176   -1    2   27 48209.866240 43503.865433
 176   -1    2   28 50440.548435 45682.339993
 176   -1    2   33 50597.617571 45481.175405
 176   -1    2   34 49728.892239 44334.667008
 176   -1    2   39 45871.683960 40550.845938
 176   -1    2   40 49547.076745 44077.414655
 184    1    1    3 48659.997331 43390.365720
 184    1    1    4 49342.954100 44458.887859
 184    1    1    6 48240.325164 43525.500928
 184    1    1    7 48604.041574 43658.200266
 184    1    1    8 49325.747423 44316.722252
 184    1    1    9 52617.054519 46795.646141
 184    1    1   15 50328.072997 45148.627398
 184    1    1   17 49297.479572 44191.622070
 184    1    1   18 47502.282292 42687.073291
 184    1    1   20 52310.822480 46990.123689
 184   -1    1    1 46153.792294 41668.729963
 184   -1    1    2 53233.993373 47539.375745
 184   -1    1    5 50763.163124 45560.911112
 184   -1    1   10 53841.572113 48193.554319
 184   -1    1   11 52448.694697 47456.585160
 184   -1    1   12 51558.221812 46439.448877
 184   -1    1   13 50476.266403 45078.149120
 184   -1    1   14 52250.468392 46832.997030
 184   -1    1   16 49291.674344 44444.948936
 184   -1    1   19 51739.249086 46292.128853
 184    1    2   21 48139.002059 43353.410199
 184    1    2   23 49985.171796 44708.787233
 184    1    2   26 45506.168546 40491.627456
 184    1    2   27 45844.675897 40848.549166
 184    1    2   28 49101.864013 44143.831715
 184    1    2   29 45898.705586 41186.338755
 184    1    2   30 46849.977950 41930.455810
 184    1    2   36 44598.105964 39577.209052
 184    1    2   37 43631.486892 38420.778170
 184    1    2   40 46307.967546 42061.762677
 184   -1    2   22 52293.005540 46717.967460
 184   -1    2   24 48409.788570 43212.836646
 184   -1    2   25 47314.515106 42461.020505
 184   -1    2   31 46783.725087 42040.885978
 184   -1    2   32 52239.206142 47328.091640
 184   -1    2   33 49237.474249 44249.271971
 184   -1    2   34 50123.859010 44770.208947
 184   -1    2   35 46540.161450 41779.683703
 184   -1    2   38 44208.885663 39779.942231
 184   -1    2   39 45772.989927 41398.930712
 187    1    1    1 43432.408261 39432.310839
 187    1    1    3 54020.475035 48467.119280
 187    1    1    4 54371.208206 48863.052458
 187    1    1    5 55688.093907 50050.116531
 187    1    1    7 55062.989012 49345.143124
 187    1    1    9 55124.016475 49336.844601
 187    1    1   12 50833.649176 45830.968687
 187    1    1   13 49282.419302 44667.134964
 187    1    1   16 50036.123665 44733.072384
 187    1    1   18 46611.285718 41612.172297
 187   -1    1    2 54628.895301 49219.291764
 187   -1    1    6 56074.446006 50724.786833
 187   -1    1    8 56642.105961 50822.011149
 187   -1    1   10 52670.362115 47019.192111
 187   -1    1   11 52327.255464 46906.937826
 187   -1    1   14 52422.177795 47022.150476
 187   -1    1   15 51563.857465 46183.784855
 187   -1    1   17 50884.608285 45345.384444
 187   -1    1   19 52035.422986 46795.432605
 187   -1    1   20 52428.656398 47414.795224
 187    1    2   23 49578.094687 44804.875878
 187    1    2   24 48439.795726 42978.244109
 187    1    2   26 49866.232355 44606.305464
 187    1    2   28 46197.593956 41464.673939
 187    1    2   29 48083.186988 43160.485479
 187    1    2   33 47213.524955 42191.579948
 187    1    2   36 43750.456895 39213.421157
 187    1    2   37 46536.818725 41934.955911
 187    1    2   39 43034.692794 38405.525540
 187    1    2   40 47993.715596 43122.339222
 187   -1    2   21 51081.696440 45567.642463
 187   -1    2   22 49902.185205 44453.338018
 187   -1    2   25 49336.079669 44195.753772
 187   -1    2   27 48522.774441 43113.201531
 187   -1    2   30 46694.159841 42039.022658
 187   -1    2   31 51338.174083 46019.160509
 187   -1    2   32 48344.710750 43230.768572
 187   -1    2   34 48045.247082 43231.312430
 187   -1    2   35 47428.886307 42228.038026
 187   -1    2   38 45694.858442 40771.337590
 188    1    1    1 45417.285002 41240.962765
 188    1    1    3 54957.859726 49275.052796
 188    1    1    4 55326.554721 49615.689674
 188    1    1    5 54938.643214 49540.499973
 188    1    1   10 53427.844644 48074.496062
 188    1    1   11 53954.758817 48389.750107
 188    1    1   13 53790.866220 48468.765609
 188    1    1   14 54339.669296 48777.307152
 188    1    1   17 51801.991554 46366.860568
 188    1    1   19 50480.334125 45333.634946
 188   -1    1    2 50261.168509 44995.029189
 188   -1    1    6 52109.010675 46310.438773
 188   -1    1    7 52406.253448 46845.115656
 188   -1    1    8 50179.509502 44674.169247
 188   -1    1    9 51407.625461 45914.500653
 188   -1    1   12 48814.575838 43294.253885
 188   -1    1   15 53178.532642 47683.505311
 188   -1    1   16 51664.798054 46083.194474
 188   -1    1   18 53083.200713 47659.422363
 188   -1    1   20 56194.270122 50429.620318
 188    1    2   23 53797.406869 48883.030390
 188    1    2   24 55647.146951 50340.425302
 188    1    2   25 50371.530551 45146.536969
 188    1    2   26 49867.954059 44614.252164
 188    1    2   29 45197.596051 40242.579688
 188    1    2   31 47632.877767 42622.496095
 188    1    2   35 46307.664694 41374.020390
 188    1    2   36 53754.716864 48217.358755
 188    1    2   38 47664.974996 42578.360458
 188    1    2   40 43451.147730 39275.475474
 188   -1    2   21 53850.645563 48197.900345
 188   -1    2   22 52006.804766 46740.121747
 188   -1    2   27 43014.723152 38043.417368
 188   -1    2   28 46779.130928 42081.782045
 188   -1    2   30 43620.617713 38525.823058
 188   -1    2   32 42171.812823 37561.145804
 188   -1    2   33 42901.837924 38247.613542
 188   -1    2   34 44650.973860 40339.817132
 188   -1    2   37 43461.127224 38831.684628
 188   -1    2   39 43750.290327 38891.175810
 189    1    1    2 50085.118704 44852.848199
 189    1    1    5 49869.355992 44574.271650
 189    1    1    6 54858.310785 49762.927396
 189    1    1    9 49586.084359 44353.329704
 189    1    1   10 50925.045766 45539.604327
 189    1    1   11 50796.363275 45431.212291
 189    1    1   14 47689.009871 42702.026793
 189    1    1   15 45818.494055 40685.771014
 189    1    1   18 48140.636239 42966.001801
 189    1    1   19 44488.963633 39054.405595
 189   -1    1    1 44342.027404 40341.757679
 189   -1    1    3 49707.656774 44375.711141
 189   -1    1    4 50900.236078 45818.623771
 189   -1    1    7 50612.055197 44952.468550
 189   -1    1    8 51713.621496 46151.221524
 189   -1    1   12 52971.015570 47386.727064
 189   -1    1   13 52772.375411 47044.051107
 189   -1    1   16 48200.824618 43189.365323
 189   -1    1   17 49560.139958 44453.731969
 189   -1    1   20 47940.772935 43150.783262
 189    1    2   23 49470.867857 44607.032103
 189    1    2   24 48468.352857 43472.893240
 189    1    2   26 47891.673859 43372.345674
 189    1    2   28 42357.533168 38256.271074
 189    1    2   29 46120.356971 41736.944695
 189    1    2   31 42745.663737 38162.089511
 189    1    2   32 39967.526607 35951.984765
 189    1    2   35 40773.335227 36676.709805
 189    1    2   37 41233.402944 37090.483729
 189    1    2   38 41488.485936 37319.899284
 189   -1    2   21 41863.201410 37778.888220
 189   -1    2   22 46279.994648 41751.246638
 189   -1    2   25 42232.379699 37588.642731
 189   -1    2   27 43275.981818 39047.710903
 189   -1    2   30 49380.438862 44169.342462
 189   -1    2   33 40240.374942 36197.378045
 189   -1    2   34 40487.258545 36419.419265
 189   -1    2   36 41012.019441 36891.376690
 189   -1    2   39 44618.686240 40400.873177
 189   -1    2   40 45782.415544 41175.611806
 199    1    1    1 52664.959284 47349.535712
 199    1    1    2 53613.326306 47907.554525
 199    1    1    3 50038.986256 44492.724465
 199    1    1    6 49377.533192 43974.142839
 199    1    1    7 45929.308550 41115.556498
 199    1    1   12 51177.945102 45764.359704
 199    1    1   14 47308.587335 42893.166538
 199    1    1   17 49410.672045 44054.395456
 199    1    1   19 46981.379162 42353.114888
 199    1    1   20 46631.748362 42325.444197
 199   -1    1    4 49523.527722 44180.534951
 199   -1    1    5 44753.166102 40340.691072
 199   -1    1    8 45073.774650 40522.127262
 199   -1    1    9 45725.671535 40835.062212
 199   -1    1   10 46098.345130 41621.394294
 199   -1    1   11 41996.670982 37701.662057
 199   -1    1   13 44985.886273 40091.602782
 199   -1    1   15 43167.285536 39035.041619
 199   -1    1   16 53609.535523 47783.880934
 199   -1    1   18 44818.984409 40572.908666
 199    1    2   22 48016.034874 43457.560258
 199    1    2   25 48647.085039 43477.081316
 199    1    2   27 43993.996859 39957.327976
 199    1    2   29 47146.626916 42888.134920
 199    1    2   31 55799.047457 49936.749685
 199    1    2   32 56883.273694 50933.911588
 199    1    2   34 53536.846296 48001.590759
 199    1    2   36 48509.693942 43414.339477
 199    1    2   38 52202.184551 46854.706767
 199    1    2   39 46773.395649 41808.005838
 199   -1    2   21 45027.299498 40890.857649
 199   -1    2   23 47209.560664 42191.824732
 199   -1    2   24 41161.064132 36602.046934
 199   -1    2   26 44945.899335 40184.560652
 199   -1    2   28 44807.924370 39640.191693
 199   -1    2   30 54112.085172 48631.120276
 199   -1    2   33 52923.858897 47247.274175
 199   -1    2   35 52205.356664 46697.005631
 199   -1    2   37 45269.793481 40684.354955
 199   -1    2   40 51325.435314 46055.767477
 203    1    1    1 39847.280486 35846.689499
 203    1    1    2 43196.513986 38877.178806
 203    1    1    3 45717.872798 41129.764423
 203    1    1    5 46750.401031 41887.652379
 203    1    1    7 51414.981228 46457.716986
 203    1    1   10 51259.892084 46160.560369
 203    1    1   12 52059.065909 46712.794043
 203    1    1   16 46246.570427 41178.244752
 203    1    1   18 50588.535534 45559.875578
 203    1    1   19 51225.121453 46106.042984
 203   -1    1    4 48065.434141 43027.165396
 203   -1    1    6 50844.761737 45700.130133
 203   -1    1    8 50633.163603 45532.213171
 203   -1    1    9 52252.929198 46973.329603
 203   -1    1   11 53090.604594 47847.770872
 203   -1    1   13 53618.738269 48300.197307
 203   -1    1   14 53117.028434 47781.810505
 203   -1    1   15 51570.056530 46264.159446
 203   -1    1   17 52056.182832 46766.811789
 203   -1    1   20 51063.190474 45817.665681
 203    1    2   21 45400.249756 40248.986686
 203    1    2   23 48534.709790 43780.069892
 203    1    2   25 48526.155664 43206.928812
 203    1    2   26 49259.942172 44076.345604
 203    1    2   31 52865.126075 47456.337091
 203    1    2   34 52948.199980 47392.309196
 203    1    2   36 55026.456293 49478.293654
 203    1    2   37 53932.530980 48520.832679
 203    1    2   38 56823.235847 51300.928719
 203    1    2   39 53932.906698 48620.344468
 203   -1    2   22 43841.044504 38850.274507
 203   -1    2   24 51275.864824 46134.245888
 203   -1    2   27 50546.349873 45494.340748
 203   -1    2   28 50662.986036 45725.063380
 203   -1    2   29 52626.193719 47196.822220
 203   -1    2   30 52598.018871 47359.180570
 203   -1    2   32 54407.596512 48873.570808
 203   -1    2   33 54459.991086 49049.692496
 203   -1    2   35 54738.590708 49214.964412
 203   -1    2   40 54029.431214 48601.000183
 211    1    1    2 50465.049790 45597.429913
 211    1    1    4 53630.173726 48275.069620
 211    1    1    7 52169.732419 47056.923505
 211    1    1    9 53463.978685 48127.639992
 211    1    1   10 52196.623872 46891.603291
 211    1    1   13 52646.184596 47186.346899
 211    1    1   15 52110.217178 47228.312073
 211    1    1   16 50658.055939 45594.092991
 211    1    1   19 50673.734097 45505.113040
 211    1    1   20 49318.554902 44533.579048
 211   -1    1    1 47617.584239 42676.563555
 211   -1    1    3 52472.729863 47092.586083
 211   -1    1    5 52726.048042 47230.402888
 211   -1    1    6 52061.587817 46717.454389
 211   -1    1    8 52202.872140 46804.229706
 211   -1    1   11 52012.220323 47220.178273
 211   -1    1   12 52031.669910 46794.284813
 211   -1    1   14 52859.766247 47597.171169
 211   -1    1   17 50949.643969 45701.165575
 211   -1    1   18 49060.920626 43920.974101
 211    1    2   21 52817.031118 47518.109661
 211    1    2   22 47751.766327 42825.803381
 211    1    2   23 52316.371253 47077.067725
 211    1    2   24 55821.873565 50347.734095
 211    1    2   25 52853.550403 47722.068232
 211    1    2   30 45714.751623 41259.997832
 211    1    2   31 50406.099732 45156.513308
 211    1    2   34 50038.282216 45077.919922
 211    1    2   38 48039.798253 43382.654122
 211    1    2   39 47755.593289 42637.626082
 211   -1    2   26 48479.115726 43135.797290
 211   -1    2   27 48506.678124 43632.824488
 211   -1    2   28 49615.025490 44462.884086
 211   -1    2   29 46888.472831 41841.933766
 211   -1    2   32 46645.818654 41440.563225
 211   -1    2   33 48721.920428 43615.748662
 211   -1    2   35 48674.621874 43898.799697
 211   -1    2   36 47614.309550 42927.502830
 211   -1    2   37 49055.115867 44082.061850
 211   -1    2   40 47176.961269 42312.709418
 221    1    1    1 45764.227255 41754.223557
 221    1    1    2 53356.997118 48108.638674
 221    1    1    4 56099.734856 50423.980055
 221    1    1    5 56696.879621 51178.721618
 221    1    1    6 56062.820651 50588.590906
 221    1    1    8 55294.215959 49749.292521
 221    1    1   10 56894.732028 51396.673322
 221    1    1   12 52725.384242 47287.697534
 221    1    1   14 52402.722763 47535.744017
 221    1    1   15 52957.370777 47545.454201
 221   -1    1    3 54242.811208 48464.996306
 221   -1    1    7 53731.335450 48153.047790
 221   -1    1    9 56967.680770 51730.633720
 221   -1    1   11 52643.913646 47298.446442
 221   -1    1   13 50400.703590 45211.607485
 221   -1    1   16 48844.626729 43609.938800
 221   -1    1   17 49729.086368 45069.018833
 221   -1    1   18 48982.774387 43918.946535
 221   -1    1   19 51691.905163 46456.523350
 221   -1    1   20 51075.243668 45879.283727
 221    1    2   23 50458.144314 45242.020842
 221    1    2   25 50394.896931 45194.948338
 221    1    2   26 48595.015909 43812.787956
 221    1    2   29 50749.242781 45903.852310
 221    1    2   30 48980.689024 43954.889893
 221    1    2   32 46725.339781 41589.402964
 221    1    2   34 50572.778560 45594.049830
 221    1    2   35 45380.544695 40579.802385
 221    1    2   37 45480.849466 40754.870354
 221    1    2   38 39974.658250 35775.566377
 221   -1    2   21 51578.322121 46508.508624
 221   -1    2   22 51745.661097 46453.838597
 221   -1    2   24 50849.607128 45855.543210
 221   -1    2   27 53357.128684 48179.051455
 221   -1    2   28 48848.166400 43797.826251
 221   -1    2   31 47370.788546 42759.591083
 221   -1    2   33 46816.130097 42505.694924
 221   -1    2   36 46070.356914 41100.070532
 221   -1    2   39 39783.700574 35781.315284
 221   -1    2   40 45488.599479 41069.788006
 224    1    1    2 49758.220277 44572.292853
 224    1    1    3 49830.967860 44711.935647
 224    1    1    5 48093.155643 42963.451256
 224    1    1    6 49316.248065 44483.901314
 224    1    1   11 50206.763844 44762.555022
 224    1    1   13 53428.134897 48315.367333
 224    1    1   14 52847.814907 47383.636113
 224    1    1   17 55536.705690 49934.704076
 224    1    1   18 50540.721657 45080.642015
 224    1    1   20 48601.340656 43319.982076
 224   -1    1    1 48747.384914 44213.772474
 224   -1    1    4 50752.846103 45575.748985
 224   -1    1    7 45102.876950 39912.003804
 224   -1    1    8 46914.277199 41957.115661
 224   -1    1    9 44273.375976 39364.811771
 224   -1    1   10 46973.083351 42291.320112
 224   -1    1   12 52681.990086 47642.473733
 224   -1    1   15 48823.066631 43607.674294
 224   -1    1   16 50934.890271 45754.811161
 224   -1    1   19 48204.123134 43575.516105
 224    1    2   23 45968.480005 41147.217547
 224    1    2   25 51373.884915 46132.838100
 224    1    2   26 55128.918239 49664.158760
 224    1    2   28 56553.411675 50842.857385
 224    1    2   32 46291.289294 41795.437057
 224    1    2   34 51906.646354 46341.335220
 224    1    2   35 44779.659514 40419.523854
 224    1    2   37 57558.234815 52102.871640
 224    1    2   39 53247.153771 47923.730346
 224    1    2   40 55249.460830 49765.341715
 224   -1    2   21 48621.077813 44126.412289
 224   -1    2   22 43629.652008 39277.282224
 224   -1    2   24 50788.766244 45729.948319
 224   -1    2   27 57404.244311 51413.566861
 224   -1    2   29 47748.196577 42549.693856
 224   -1    2   30 46935.745028 42055.066195
 224   -1    2   31 45913.693666 41180.818552
 224   -1    2   33 49415.867308 45184.077296
 224   -1    2   36 52340.676104 47768.140002
 224   -1    2   38 48775.571759 44024.726851
 231    1    1    3 53784.191163 48430.700508
 231    1    1    6 44950.545188 40100.992154
 231    1    1    9 41344.333353 36460.598617
 231    1    1   10 44972.783337 40528.410039
 231    1    1   11 47979.546904 43144.892673
 231    1    1   12 48416.793202 43362.699192
 231    1    1   13 51744.779398 46813.043505
 231    1    1   14 50538.944270 45589.751094
 231    1    1   15 51453.654420 46284.620599
 231    1    1   16 50075.383085 45112.004323
 231   -1    1    1 39789.001918 35785.601001
 231   -1    1    2 46289.861276 41855.389217
 231   -1    1    4 49715.187138 44796.812704
 231   -1    1    5 52078.344786 46960.364870
 231   -1    1    7 49719.947274 44806.442141
 231   -1    1    8 45982.153878 40951.579358
 231   -1    1   17 46002.781401 40945.262405
 231   -1    1   18 49887.316958 44851.173127
 231   -1    1   19 53526.253070 48551.132661
 231   -1    1   20 49380.712289 44694.193787
 231    1    2   22 52046.793383 47020.956672
 231    1    2   26 48820.174364 43652.106409
 231    1    2   27 53489.671302 48354.351582
 231    1    2   28 48809.403002 43905.238241
 231    1    2   29 48035.725831 42781.582779
 231    1    2   30 50637.764214 45968.210240
 231    1    2   33 51996.753235 47276.097409
 231    1    2   36 53527.240347 48343.894160
 231    1    2   38 49549.477279 44810.774985
 231    1    2   40 48810.963111 43884.193278
 231   -1    2   21 49737.878320 44771.177509
 231   -1    2   23 50225.143419 45063.479105
 231   -1    2   24 50979.965675 46039.106110
 231   -1    2   25 51585.789154 46720.805710
 231   -1    2   31 50421.367172 45645.723061
 231   -1    2   32 49923.754729 44957.458272
 231   -1    2   34 51713.439210 46538.922909
 231   -1    2   35 51472.021850 46314.026661
 231   -1    2   37 48454.223736 43425.371898
 231   -1    2   39 53545.928330 48754.532619
