          ID           CS    Hemiblock        Trial          AUC   AUC_500lag
 101    1    1    1 44367.868139 39690.797720
 101    1    1    2 49209.065518 44081.201053
 101    1    1    3 45948.641083 40780.382127
 101    1    1    6 44830.259928 39827.668590
 101    1    1   10 46473.527495 41367.889811
 101    1    1   13 48793.916933 44058.853214
 101    1    1   15 41864.100287 37242.122552
 101    1    1   17 49237.270483 44003.453391
 101    1    1   18 46704.128877 41695.990881
 101    1    1   20 48801.749943 43958.741729
 101   -1    1    4 48975.851134 43902.017581
 101   -1    1    5 48950.662071 43757.458814
 101   -1    1    7 51046.313232 45437.966644
 101   -1    1    8 49139.026588 44149.261009
 101   -1    1    9 58769.486318 52784.344114
 101   -1    1   11 47191.674812 41887.804615
 101   -1    1   12 52877.487591 47286.245610
 101   -1    1   14 46995.367374 41859.813545
 101   -1    1   16 51243.263728 45837.493104
 101   -1    1   19 50310.605448 44668.624797
 101    1    2   21 49792.663765 44073.771085
 101    1    2   26 50278.806055 44566.587142
 101    1    2   27 46848.268535 41305.786044
 101    1    2   28 47055.371711 42312.130042
 101    1    2   32 47174.906023 41766.277430
 101    1    2   33 51940.342791 46158.698039
 101    1    2   35 47140.260537 42603.370239
 101    1    2   36 51212.003747 45870.065764
 101    1    2   39 51202.106450 45856.628908
 101    1    2   40 46432.020288 41371.324747
 101   -1    2   22 47910.344321 42915.965745
 101   -1    2   23 46269.902347 41467.679446
 101   -1    2   24 49489.465236 44341.380579
 101   -1    2   25 51853.965188 46557.345471
 101   -1    2   29 49392.749359 44070.252672
 101   -1    2   30 52809.049611 47667.235678
 101   -1    2   31 51088.050977 45364.317544
 101   -1    2   34 50231.986433 45049.800004
 101   -1    2   37 50321.113365 45459.329467
 101   -1    2   38 49062.455650 43738.776440
 106    1    1    2 45060.143483 40587.140704
 106    1    1    3 49159.818202 44310.464845
 106    1    1    4 50969.417374 46200.637073
 106    1    1    5 44770.018011 39828.471974
 106    1    1    6 45063.324270 40124.279035
 106    1    1    9 47845.294749 42848.179039
 106    1    1   10 47629.457242 42790.420733
 106    1    1   14 49008.710058 43569.725665
 106    1    1   19 49006.787324 43738.950346
 106    1    1   20 47817.165722 42985.770211
 106   -1    1    1 40402.173964 36386.852222
 106   -1    1    7 45476.816348 40635.924075
 106   -1    1    8 48481.457453 43645.329918
 106   -1    1   11 52243.391219 47379.419251
 106   -1    1   12 53353.360867 47950.616563
 106   -1    1   13 53624.726302 48284.449805
 106   -1    1   15 52033.050793 47052.483474
 106   -1    1   16 54439.257126 49023.096824
 106   -1    1   17 58341.270719 52585.527462
 106   -1    1   18 50538.252385 45188.926729
 106    1    2   21 48165.568278 43154.231483
 106    1    2   23 48986.297185 43449.131916
 106    1    2   27 51389.534524 46098.701558
 106    1    2   28 49742.218364 44788.766403
 106    1    2   32 47834.213034 42646.186431
 106    1    2   33 48148.889065 42912.378809
 106    1    2   35 48703.502828 43512.916615
 106    1    2   36 47689.184518 42625.189227
 106    1    2   38 49772.199020 44480.322883
 106    1    2   39 49447.683377 44207.298870
 106   -1    2   22 50312.659795 45547.714664
 106   -1    2   24 51579.240595 46309.959155
 106   -1    2   25 51577.716319 46130.855942
 106   -1    2   26 45087.242581 40593.875702
 106   -1    2   29 53820.732003 48138.203465
 106   -1    2   30 57729.334828 52089.506309
 106   -1    2   31 48311.354590 42929.487360
 106   -1    2   34 51639.728240 46703.007944
 106   -1    2   37 49728.267255 44805.990674
 106   -1    2   40 49519.802103 44291.102643
 111    1    1    2 46544.014581 42061.908311
 111    1    1    3 48339.590093 43322.215241
 111    1    1    4 53466.415368 48553.295753
 111    1    1    5 51172.084477 46527.735270
 111    1    1    7 50546.935045 45990.231926
 111    1    1    8 50073.781135 44764.626011
 111    1    1   11 49325.182754 44164.102162
 111    1    1   17 48163.766766 43912.418288
 111    1    1   19 49385.056200 44810.464038
 111    1    1   20 50788.658881 45645.360997
 111   -1    1    1 45362.993094 40560.492280
 111   -1    1    6 49919.498352 44784.840357
 111   -1    1    9 50769.632985 45673.199962
 111   -1    1   10 46997.351151 42269.084347
 111   -1    1   12 49031.407887 43747.242999
 111   -1    1   13 50150.948464 45420.023325
 111   -1    1   14 50901.043078 46029.455015
 111   -1    1   15 53164.890964 47794.321550
 111   -1    1   16 52382.957537 47168.860899
 111   -1    1   18 46681.395843 41892.990288
 111    1    2   21 48918.489891 44554.244623
 111    1    2   22 49706.760454 44676.380879
 111    1    2   23 48229.310600 43471.624449
 111    1    2   27 48573.814940 43468.622335
 111    1    2   32 47627.564929 43034.163351
 111    1    2   33 46336.532934 41911.365494
 111    1    2   34 47120.020275 43029.015798
 111    1    2   35 46933.313894 42390.841631
 111    1    2   37 48609.383319 43906.623694
 111    1    2   39 50110.206562 44981.349623
 111   -1    2   24 46570.374292 41891.046840
 111   -1    2   25 47160.337946 41974.235400
 111   -1    2   26 48247.520590 43152.633937
 111   -1    2   28 45978.059521 40955.625208
 111   -1    2   29 46383.553122 41505.848015
 111   -1    2   30 46680.262075 42409.109045
 111   -1    2   31 48200.541011 43302.748284
 111   -1    2   36 47429.303393 42495.663539
 111   -1    2   38 48638.316595 43747.180219
 111   -1    2   40 47754.625561 42627.510604
 115    1    1    4 53385.348596 47418.533870
 115    1    1    8 49295.220268 44389.896041
 115    1    1    9 48578.297514 43542.939685
 115    1    1   10 50398.635524 45013.544343
 115    1    1   11 51706.949351 46581.289683
 115    1    1   13 44113.391940 39527.581303
 115    1    1   14 48682.252392 43504.781644
 115    1    1   15 48592.259758 42750.263864
 115    1    1   19 48243.369371 43720.448075
 115    1    1   20 50285.764454 44848.490588
 115   -1    1    1 47224.823948 42177.378435
 115   -1    1    2 51643.930443 45780.657119
 115   -1    1    3 52538.278891 47237.530708
 115   -1    1    5 49009.265101 43043.093424
 115   -1    1    6 49482.289290 43881.016008
 115   -1    1    7 52357.095443 47447.192912
 115   -1    1   12 43866.107894 38148.430882
 115   -1    1   16 53277.616025 47349.023929
 115   -1    1   17 52364.190863 46579.223621
 115   -1    1   18 53862.769539 47938.120199
 115    1    2   21 51619.585491 46266.373061
 115    1    2   22 51386.293688 46079.838376
 115    1    2   24 47635.493033 42692.054306
 115    1    2   25 55412.489691 49891.783017
 115    1    2   31 49203.151328 44587.564037
 115    1    2   32 50151.219286 44453.665554
 115    1    2   36 48775.542075 43917.573796
 115    1    2   38 47499.870125 42787.364356
 115    1    2   39 53530.659558 48614.009200
 115    1    2   40 52925.547918 47502.815484
 115   -1    2   23 46833.028149 42328.936593
 115   -1    2   26 49480.568312 43497.607541
 115   -1    2   27 51873.036790 46514.577942
 115   -1    2   28 49805.610529 45167.089876
 115   -1    2   29 51497.750947 46153.058579
 115   -1    2   30 46476.386146 41018.803531
 115   -1    2   33 46474.794110 41869.989923
 115   -1    2   34 44523.020261 40359.391638
 115   -1    2   35 45340.334611 40620.692556
 115   -1    2   37 51073.231335 45472.754771
 116    1    1    2 54781.367763 49288.390917
 116    1    1    3 57153.877768 51560.825746
 116    1    1    5 55458.456226 50170.165866
 116    1    1    7 56774.364217 50856.839383
 116    1    1    8 57608.388796 51807.291108
 116    1    1   10 57616.189910 51710.041055
 116    1    1   11 57660.931735 51839.954954
 116    1    1   13 53812.728833 48275.175644
 116    1    1   17 52109.593647 46975.017902
 116    1    1   20 51275.718151 46287.947735
 116   -1    1    1 51079.538832 46272.938775
 116   -1    1    4 53851.041529 48102.045820
 116   -1    1    6 55304.008209 49370.035414
 116   -1    1    9 56260.957245 50265.634188
 116   -1    1   12 53091.078929 47138.589484
 116   -1    1   14 53572.089651 47986.091422
 116   -1    1   15 48676.827849 43789.806572
 116   -1    1   16 48125.769035 43112.264539
 116   -1    1   18 47247.064452 41903.373961
 116   -1    1   19 51504.777105 46502.746618
 116    1    2   21 47320.526764 42614.564727
 116    1    2   23 51301.053756 46134.394799
 116    1    2   24 45204.852344 40418.276260
 116    1    2   25 45398.032607 40721.869724
 116    1    2   26 42400.857392 37771.580184
 116    1    2   28 45378.006782 41037.825148
 116    1    2   30 44788.386149 40205.048934
 116    1    2   34 49000.594612 44001.379445
 116    1    2   38 42820.730510 38385.806364
 116    1    2   39 47816.295557 43422.532101
 116   -1    2   22 49200.546015 44147.980758
 116   -1    2   27 42518.364568 37922.752064
 116   -1    2   29 45820.393880 40942.289930
 116   -1    2   31 50629.226204 45079.887326
 116   -1    2   32 47464.013651 42805.511387
 116   -1    2   33 47456.733105 42601.515838
 116   -1    2   35 45024.710136 40217.157213
 116   -1    2   36 46300.055301 41435.592208
 116   -1    2   37 45491.825246 40144.748297
 116   -1    2   40 45503.218047 40619.949343
 131    1    1    3 46723.189280 41869.730317
 131    1    1    6 49453.238907 44258.239952
 131    1    1    9 55330.092201 49498.978124
 131    1    1   10 54822.383373 49333.143966
 131    1    1   12 49451.178778 44143.342678
 131    1    1   13 49740.866104 44452.636328
 131    1    1   14 53496.197094 48029.989765
 131    1    1   16 49750.089476 44375.726019
 131    1    1   17 50222.118430 45124.069357
 131    1    1   18 48718.582286 43602.324479
 131   -1    1    1 43328.932620 39205.535678
 131   -1    1    2 48052.019292 43204.626739
 131   -1    1    4 49858.422186 44363.746763
 131   -1    1    5 52555.158953 46948.636918
 131   -1    1    7 53233.998615 47996.337865
 131   -1    1    8 56724.118307 51441.833878
 131   -1    1   11 56265.362031 50549.926179
 131   -1    1   15 52778.378143 47232.582960
 131   -1    1   19 50332.088323 44981.070231
 131   -1    1   20 53472.994120 48000.138762
 131    1    2   21 45492.934112 40331.105908
 131    1    2   25 48708.723131 43072.115951
 131    1    2   27 50959.459298 45809.467416
 131    1    2   29 43463.700371 39054.887904
 131    1    2   30 46632.629103 42024.363294
 131    1    2   31 46830.684749 42064.615837
 131    1    2   32 46729.628761 41737.591213
 131    1    2   34 43952.883103 39275.743902
 131    1    2   36 42609.848859 38154.816206
 131    1    2   39 46231.841003 41109.615329
 131   -1    2   22 48981.772861 44381.051286
 131   -1    2   23 50440.151704 45243.049773
 131   -1    2   24 52155.740038 46938.844216
 131   -1    2   26 49259.112152 44161.813094
 131   -1    2   28 49816.833792 44779.471484
 131   -1    2   33 45749.991444 41050.107155
 131   -1    2   35 47005.280753 42368.324660
 131   -1    2   37 43143.942675 38364.512610
 131   -1    2   38 50603.596257 45944.281772
 131   -1    2   40 48850.211046 43615.564551
 135    1    1    3 47334.217243 42366.310284
 135    1    1    4 48619.864732 43520.256565
 135    1    1    5 50085.427775 45000.864340
 135    1    1    7 52371.437208 46819.712081
 135    1    1    8 51596.177211 45929.026930
 135    1    1    9 50714.105272 45421.543366
 135    1    1   10 52937.798959 47476.347569
 135    1    1   15 48078.882366 42503.646984
 135    1    1   17 50964.905954 45497.157524
 135    1    1   19 47150.508136 41647.100023
 135   -1    1    1 44557.919107 40363.073965
 135   -1    1    2 49232.045365 44099.211867
 135   -1    1    6 54194.453902 48740.569594
 135   -1    1   11 53205.778509 47843.960133
 135   -1    1   12 56924.131861 51361.856904
 135   -1    1   13 55201.804889 49637.652873
 135   -1    1   14 54189.485364 48715.809834
 135   -1    1   16 51536.825389 46130.174970
 135   -1    1   18 50965.947804 45528.880746
 135   -1    1   20 52727.565945 47603.941188
 135    1    2   21 48205.179778 42810.008959
 135    1    2   26 44239.472376 38970.968119
 135    1    2   27 44063.989031 38962.521697
 135    1    2   29 43311.107207 38272.564847
 135    1    2   30 43756.908709 39693.786950
 135    1    2   32 44152.211915 39353.115647
 135    1    2   33 43084.610893 38495.437486
 135    1    2   36 48410.131363 43415.821385
 135    1    2   37 48915.942714 43565.408577
 135    1    2   38 46572.934824 41576.280939
 135   -1    2   22 49049.644700 43860.398814
 135   -1    2   23 42396.120921 37351.351326
 135   -1    2   24 49967.746144 44951.646014
 135   -1    2   25 51127.117735 45852.922868
 135   -1    2   28 44159.872236 39468.081335
 135   -1    2   31 47757.824184 42808.232855
 135   -1    2   34 48076.254841 43088.026022
 135   -1    2   35 49874.516151 44508.208432
 135   -1    2   39 45297.433405 40466.582972
 135   -1    2   40 46992.339934 42048.984323
 136    1    1    1 51897.072395 47519.179477
 136    1    1    2 58349.914438 52459.672399
 136    1    1    5 54462.336519 48953.957315
 136    1    1   11 52925.211868 47883.137165
 136    1    1   12 53298.272361 47802.540243
 136    1    1   13 52200.623249 46703.660529
 136    1    1   14 52376.269414 47146.161886
 136    1    1   17 48883.088518 43950.395392
 136    1    1   18 48561.789142 43435.627649
 136    1    1   19 54116.062417 48998.201896
 136   -1    1    3 57845.704197 52143.201444
 136   -1    1    4 56074.628191 50355.232818
 136   -1    1    6 52368.309146 46997.748775
 136   -1    1    7 53891.395918 48223.606756
 136   -1    1    8 54529.621709 48899.423493
 136   -1    1    9 54768.654753 49450.042198
 136   -1    1   10 54930.808136 49848.211218
 136   -1    1   15 53486.848566 48281.181316
 136   -1    1   16 50092.428112 44994.926518
 136   -1    1   20 53194.425886 47617.462825
 136    1    2   24 44749.754724 40102.150638
 136    1    2   26 44552.283030 40342.327548
 136    1    2   27 47117.570186 42624.760868
 136    1    2   28 46024.787545 41631.826607
 136    1    2   30 46080.806548 41749.568870
 136    1    2   32 43541.859383 39296.216610
 136    1    2   34 46285.248873 41199.307768
 136    1    2   35 43444.411608 38885.253200
 136    1    2   37 41578.896702 37124.464215
 136    1    2   38 50074.479385 45768.306669
 136   -1    2   21 51848.965268 46465.436449
 136   -1    2   22 48930.970718 43637.962135
 136   -1    2   23 49529.312706 44325.506246
 136   -1    2   25 46643.284471 41790.562938
 136   -1    2   29 46076.489444 41336.573026
 136   -1    2   31 48697.168391 43637.676057
 136   -1    2   33 46163.854641 41622.656377
 136   -1    2   36 43822.656874 39393.283226
 136   -1    2   39 45836.632616 41549.243817
 136   -1    2   40 44434.640664 40235.052966
 137    1    1    1 39977.214320 35967.930090
 137    1    1    5 48937.179765 43809.756993
 137    1    1    6 50150.704726 45102.214561
 137    1    1    7 48314.484337 43183.861122
 137    1    1    9 44716.775906 39579.756252
 137    1    1   11 45742.726648 40649.108307
 137    1    1   15 45075.510682 40006.348854
 137    1    1   16 52143.677089 46998.257802
 137    1    1   17 49075.280075 43900.987366
 137    1    1   19 52792.204528 47271.588147
 137   -1    1    2 49298.524235 44456.694810
 137   -1    1    3 52224.494852 47198.753275
 137   -1    1    4 52635.492332 47229.720364
 137   -1    1    8 50122.129489 44829.303283
 137   -1    1   10 50270.817710 45179.735357
 137   -1    1   12 48811.739513 44112.800047
 137   -1    1   13 51090.862573 45945.626431
 137   -1    1   14 52788.874672 47390.556352
 137   -1    1   18 49670.553490 44670.500632
 137   -1    1   20 56346.313841 50535.031412
 137    1    2   21 50133.861125 44934.304000
 137    1    2   25 46771.762420 41749.326885
 137    1    2   26 47189.643876 42684.585370
 137    1    2   28 49317.982425 43943.851078
 137    1    2   30 47079.488526 42031.876368
 137    1    2   31 44789.172834 40649.028588
 137    1    2   34 47561.466088 42166.243132
 137    1    2   37 54681.892852 48845.958478
 137    1    2   38 47627.086255 42822.871839
 137    1    2   39 51492.879486 46567.444437
 137   -1    2   22 52032.269360 46728.410884
 137   -1    2   23 52995.031180 47627.065833
 137   -1    2   24 56750.362714 50979.360810
 137   -1    2   27 48979.955523 43776.706186
 137   -1    2   29 51926.204769 46664.517919
 137   -1    2   32 51663.507077 46396.674188
 137   -1    2   33 52261.603292 46919.943202
 137   -1    2   35 47151.669387 42448.775843
 137   -1    2   36 55095.013870 49186.648596
 137   -1    2   40 50216.324145 45319.159722
 138    1    1    1 46695.924007 42675.195638
 138    1    1    5 52575.523434 47170.574124
 138    1    1    7 51993.173706 46598.310848
 138    1    1    8 52780.861463 47630.943288
 138    1    1   11 47848.924242 42992.709014
 138    1    1   12 49887.328468 45054.108652
 138    1    1   16 47641.774298 42788.640807
 138    1    1   17 48999.918538 44475.588888
 138    1    1   18 46481.604157 42079.426998
 138    1    1   20 44725.737068 39988.944793
 138   -1    1    2 54674.905551 48858.111498
 138   -1    1    3 55021.007603 50200.262400
 138   -1    1    4 53520.523193 48034.968913
 138   -1    1    6 55870.790867 49905.619350
 138   -1    1    9 52803.592938 47472.019956
 138   -1    1   10 53622.318234 47853.502445
 138   -1    1   13 55320.953667 49654.466795
 138   -1    1   14 49719.724570 44619.409332
 138   -1    1   15 51732.600135 46628.033589
 138   -1    1   19 51998.023717 46734.052932
 138    1    2   21 45979.722420 41145.291316
 138    1    2   22 46191.223550 41264.557466
 138    1    2   24 45735.655542 41045.230304
 138    1    2   29 44978.551701 40245.739454
 138    1    2   32 45627.100334 40422.454823
 138    1    2   33 44151.388076 40145.934201
 138    1    2   34 44105.639511 39561.068132
 138    1    2   38 46643.942221 41754.455264
 138    1    2   39 46446.804450 41222.275988
 138    1    2   40 46606.754988 42085.323323
 138   -1    2   23 46129.578596 41083.682363
 138   -1    2   25 48912.439708 44491.942490
 138   -1    2   26 48692.391820 43495.460748
 138   -1    2   27 49765.917699 44879.770386
 138   -1    2   28 47567.127923 42436.824747
 138   -1    2   30 47822.693977 43160.140653
 138   -1    2   31 46534.855140 41858.431293
 138   -1    2   35 47257.210004 42817.955886
 138   -1    2   36 48437.731197 43685.675953
 138   -1    2   37 45156.144580 40497.905928
 144    1    1    2 51778.502937 46882.175165
 144    1    1    3 49212.176571 43796.891572
 144    1    1    4 53971.436425 48529.770209
 144    1    1    8 50689.480449 45093.300747
 144    1    1   11 50196.796864 44826.697616
 144    1    1   12 49932.330174 44467.762428
 144    1    1   14 50572.044550 45162.274217
 144    1    1   16 49056.318562 43754.749439
 144    1    1   17 48934.897011 43401.950466
 144    1    1   19 47939.828554 43069.525661
 144   -1    1    1 45972.774274 41051.102543
 144   -1    1    5 47726.688049 41802.998522
 144   -1    1    6 51547.415728 46051.933771
 144   -1    1    7 51186.427852 46028.170288
 144   -1    1    9 44905.737157 39256.465627
 144   -1    1   10 50186.359978 44665.191731
 144   -1    1   13 49650.302132 43842.202791
 144   -1    1   15 50071.907811 44480.206376
 144   -1    1   18 48192.674892 42742.716827
 144   -1    1   20 49044.914615 43459.350026
 144    1    2   21 47517.317140 42606.105910
 144    1    2   24 48715.915827 43354.322930
 144    1    2   25 53141.644105 47672.082258
 144    1    2   26 52174.121573 46690.454312
 144    1    2   28 46625.879625 42079.503844
 144    1    2   29 47455.600336 41986.498172
 144    1    2   30 47230.422859 41635.064042
 144    1    2   31 47351.102135 42166.064851
 144    1    2   33 44009.633612 39496.885264
 144    1    2   39 48534.156000 43502.634538
 144   -1    2   22 48755.795199 43512.360691
 144   -1    2   23 44722.744315 39614.187572
 144   -1    2   27 48592.570148 42957.954982
 144   -1    2   32 45297.409421 40001.855711
 144   -1    2   34 48545.166508 43373.762452
 144   -1    2   35 50800.695552 45113.347622
 144   -1    2   36 45103.917021 40266.324850
 144   -1    2   37 43390.340276 37905.125632
 144   -1    2   38 50133.974450 45281.194609
 144   -1    2   40 42703.539223 37880.872653
 148    1    1    1 49730.457154 44878.180663
 148    1    1    2 53424.851182 47841.545794
 148    1    1    6 48796.265894 43427.260498
 148    1    1    9 51099.661493 45574.233391
 148    1    1   12 51844.590135 46423.795992
 148    1    1   13 54560.657697 48843.620483
 148    1    1   14 46960.231855 42435.831423
 148    1    1   15 45860.556896 40594.858433
 148    1    1   18 45749.342393 40837.837849
 148    1    1   20 45336.255156 40358.376346
 148   -1    1    3 53775.283911 48193.777510
 148   -1    1    4 50451.916285 45100.234051
 148   -1    1    5 55032.251012 49711.530486
 148   -1    1    7 48205.768673 42776.877181
 148   -1    1    8 55417.679791 49550.802264
 148   -1    1   10 48776.285859 43834.170581
 148   -1    1   11 58086.566205 52546.244694
 148   -1    1   16 53262.793970 47559.306800
 148   -1    1   17 47826.334093 42870.404611
 148   -1    1   19 45022.137747 40566.911480
 148    1    2   21 40394.778034 36290.760549
 148    1    2   25 43721.572210 38504.571392
 148    1    2   26 46638.914157 41786.823178
 148    1    2   29 49451.331432 44235.572212
 148    1    2   31 51499.045821 46319.731873
 148    1    2   33 50056.167763 44916.649393
 148    1    2   35 48034.226572 43199.792025
 148    1    2   36 41144.736999 36447.647824
 148    1    2   37 49596.924153 44616.595676
 148    1    2   39 47895.777257 42970.502871
 148   -1    2   22 47437.454102 42228.810495
 148   -1    2   23 44512.040632 39803.257092
 148   -1    2   24 46722.051661 41850.226689
 148   -1    2   27 46346.158918 41293.614955
 148   -1    2   28 51483.716601 46306.570877
 148   -1    2   30 54595.138805 48827.985751
 148   -1    2   32 49718.957252 44830.803731
 148   -1    2   34 48934.112352 43642.510528
 148   -1    2   38 46172.755732 40875.820799
 148   -1    2   40 53485.635351 48302.151952
 149    1    1    1 49092.129419 44574.697019
 149    1    1    4 54584.243733 48981.678451
 149    1    1    5 54469.738007 48858.620415
 149    1    1    6 51153.796068 45717.225594
 149    1    1    9 49083.194048 43825.763091
 149    1    1   11 52326.645344 47029.239747
 149    1    1   15 55388.553151 49742.742459
 149    1    1   16 44016.560338 39263.675205
 149    1    1   18 45354.255730 40444.475409
 149    1    1   20 46556.858342 42018.624619
 149   -1    1    2 54801.272668 49137.315702
 149   -1    1    3 56268.434639 50783.631488
 149   -1    1    7 54765.299959 49496.153115
 149   -1    1    8 55324.110812 49897.892970
 149   -1    1   10 53788.433797 48345.005733
 149   -1    1   12 56004.003651 50301.167905
 149   -1    1   13 55616.883342 50006.811173
 149   -1    1   14 53956.091675 48899.573111
 149   -1    1   17 47666.659506 42520.244200
 149   -1    1   19 44234.357482 38923.675983
 149    1    2   23 46819.613509 42175.285252
 149    1    2   24 52796.273278 47477.781532
 149    1    2   25 49949.151303 44456.282606
 149    1    2   26 49964.995496 44870.378874
 149    1    2   28 46337.355219 41906.960427
 149    1    2   30 41138.833040 36431.760891
 149    1    2   31 43806.449382 39035.783491
 149    1    2   36 48160.435026 43222.283218
 149    1    2   38 41117.538897 36709.494460
 149    1    2   40 42030.930232 37299.374084
 149   -1    2   21 51328.898761 45931.103897
 149   -1    2   22 49493.962745 44975.617752
 149   -1    2   27 51145.506506 45889.890039
 149   -1    2   29 46573.962237 41479.466746
 149   -1    2   32 51438.559802 46136.204657
 149   -1    2   33 53192.300284 47736.432426
 149   -1    2   34 48743.211042 44128.539579
 149   -1    2   35 50155.814599 45049.001883
 149   -1    2   37 48018.413998 42975.907420
 149   -1    2   39 47015.329273 42296.243709
 150    1    1    4 44229.258195 38954.354332
 150    1    1    8 47155.131999 41762.890580
 150    1    1    9 49811.054342 44554.293361
 150    1    1   10 46978.676953 41738.048139
 150    1    1   12 48384.885655 43259.118961
 150    1    1   14 42265.361632 37029.655626
 150    1    1   16 48906.829321 43643.433955
 150    1    1   17 44147.338801 39238.363840
 150    1    1   18 44633.396072 40303.234098
 150    1    1   20 46973.044968 42190.714969
 150   -1    1    1 42705.574645 38700.162207
 150   -1    1    2 46569.732953 41390.197034
 150   -1    1    3 53131.147236 47521.766062
 150   -1    1    5 45263.347119 40154.397925
 150   -1    1    6 48661.231707 43348.138555
 150   -1    1    7 50118.054280 44976.595021
 150   -1    1   11 49922.652404 44494.829461
 150   -1    1   13 46306.486212 40875.743872
 150   -1    1   15 48657.686270 43846.028782
 150   -1    1   19 46926.669768 42114.551378
 150    1    2   21 49533.071158 45221.644728
 150    1    2   24 54175.816015 48252.794567
 150    1    2   25 48015.405926 42800.791143
 150    1    2   26 50018.843068 44678.784405
 150    1    2   29 47406.362958 42757.236117
 150    1    2   30 52042.948521 46583.197565
 150    1    2   33 51400.797730 45875.911256
 150    1    2   34 47180.487797 41789.031182
 150    1    2   35 44396.123515 39562.546515
 150    1    2   38 51230.080108 45658.362601
 150   -1    2   22 53913.151068 48283.661120
 150   -1    2   23 55448.269735 49740.687708
 150   -1    2   27 50120.444027 44979.585211
 150   -1    2   28 44170.287001 39182.439444
 150   -1    2   31 50156.225298 45046.612245
 150   -1    2   32 54431.663133 49141.516426
 150   -1    2   36 45313.979303 40789.059562
 150   -1    2   37 49828.924312 45171.536150
 150   -1    2   39 54524.398205 49461.733385
 150   -1    2   40 53384.893948 47794.108389
 156    1    1    3 46791.848444 42171.116256
 156    1    1    4 49036.157429 44339.307551
 156    1    1    5 48085.735861 43391.214292
 156    1    1    7 49147.819862 44360.756061
 156    1    1    8 50424.639390 45488.277618
 156    1    1   10 49215.730554 44443.644406
 156    1    1   11 50217.578225 45242.457804
 156    1    1   12 49155.806399 44274.749488
 156    1    1   14 51188.667620 46331.877949
 156    1    1   15 50778.277406 46078.175437
 156   -1    1    1 40392.702559 36328.232590
 156   -1    1    2 43895.846371 39545.857852
 156   -1    1    6 49248.227483 44592.765773
 156   -1    1    9 51155.587337 45967.247950
 156   -1    1   13 50697.127659 45726.749949
 156   -1    1   16 53282.280676 48331.661257
 156   -1    1   17 51621.021852 46159.528380
 156   -1    1   18 52129.548611 47200.374408
 156   -1    1   19 52158.572835 47152.984673
 156   -1    1   20 52153.987893 47008.048980
 156    1    2   21 51205.638044 46025.464771
 156    1    2   22 49729.862370 44681.927690
 156    1    2   25 49441.236715 44437.531995
 156    1    2   26 49943.183755 45003.368308
 156    1    2   27 50757.429549 45671.821662
 156    1    2   29 51461.061020 46043.972083
 156    1    2   30 50298.140804 45665.012806
 156    1    2   36 51338.781845 46233.532458
 156    1    2   37 54244.891623 49239.659769
 156    1    2   38 51021.991462 46091.665451
 156   -1    2   23 50228.996260 45219.678839
 156   -1    2   24 50521.134304 45538.368495
 156   -1    2   28 52819.402915 47414.990581
 156   -1    2   31 52129.439770 46767.076232
 156   -1    2   32 54021.619950 48980.326094
 156   -1    2   33 50697.903009 45717.810404
 156   -1    2   34 48963.114631 44227.032406
 156   -1    2   35 52245.543294 46943.318273
 156   -1    2   39 50964.619201 45905.365537
 156   -1    2   40 52302.026531 47150.227875
 161    1    1    2 50971.497435 45357.148484
 161    1    1    4 51547.542116 45942.905330
 161    1    1    5 53095.441189 47641.105407
 161    1    1    6 56407.803014 50882.568361
 161    1    1    7 51763.486300 46742.586616
 161    1    1    8 49108.868150 44549.838328
 161    1    1    9 55615.400811 50075.312118
 161    1    1   10 52640.120455 47110.720708
 161    1    1   11 45209.786292 40110.740525
 161    1    1   15 47956.805293 43617.230683
 161   -1    1    1 49273.994959 44208.314482
 161   -1    1    3 52191.821766 46635.603200
 161   -1    1   12 42830.602723 38002.885147
 161   -1    1   13 51018.850658 45507.081547
 161   -1    1   14 47469.986626 42432.508559
 161   -1    1   16 46768.662288 41486.439499
 161   -1    1   17 46974.208364 41685.160826
 161   -1    1   18 49277.983224 43990.692835
 161   -1    1   19 50094.032167 44844.661304
 161   -1    1   20 47001.621488 42355.395205
 161    1    2   23 53230.093392 47869.660885
 161    1    2   27 44869.447969 39840.888662
 161    1    2   29 50189.020972 45363.435038
 161    1    2   30 54943.860541 49588.388022
 161    1    2   31 55922.152969 50163.788808
 161    1    2   33 52681.898067 47516.373661
 161    1    2   35 53671.215739 48215.449993
 161    1    2   36 52262.358563 47062.837438
 161    1    2   39 54277.860654 48879.080633
 161    1    2   40 51914.664268 46933.864201
 161   -1    2   21 50013.483568 44717.297955
 161   -1    2   22 49757.666713 44628.956437
 161   -1    2   24 50682.953946 45424.579226
 161   -1    2   25 50655.716542 45606.784334
 161   -1    2   26 43368.226077 38554.167504
 161   -1    2   28 45838.177923 40873.347764
 161   -1    2   32 47328.882072 41947.888535
 161   -1    2   34 51882.185003 46691.073540
 161   -1    2   37 46449.941450 41512.611942
 161   -1    2   38 54001.584895 48310.902025
 166    1    1    7 51584.997674 46105.281309
 166    1    1    8 52748.927840 47404.122174
 166    1    1   11 52384.622761 47152.338995
 166    1    1   12 50690.170148 45300.472328
 166    1    1   13 46364.383873 41582.431651
 166    1    1   14 55156.454504 49744.303908
 166    1    1   17 47861.998901 42739.056538
 166    1    1   18 48658.602936 43191.268594
 166    1    1   19 46605.929598 41711.007488
 166    1    1   20 44893.022825 39838.782193
 166   -1    1    1 44390.548708 40349.103231
 166   -1    1    2 52854.412954 47487.858382
 166   -1    1    3 54158.782858 48742.586880
 166   -1    1    4 54537.223125 49164.482394
 166   -1    1    5 53979.531152 48551.536925
 166   -1    1    6 52620.318909 47138.787183
 166   -1    1    9 53626.389029 47966.394624
 166   -1    1   10 53597.498982 47942.127231
 166   -1    1   15 51606.317262 46490.608431
 166   -1    1   16 50283.542709 44877.973913
 166    1    2   23 47534.857834 42288.722617
 166    1    2   25 47346.904420 41997.854869
 166    1    2   26 42235.741225 37671.083207
 166    1    2   27 42344.407584 38147.024868
 166    1    2   30 46562.586190 41924.553850
 166    1    2   31 48626.857390 43111.456626
 166    1    2   34 56290.311393 50756.559203
 166    1    2   35 55202.939444 49637.153130
 166    1    2   38 56178.645501 50478.205155
 166    1    2   40 45663.486732 40685.408627
 166   -1    2   21 42758.956956 38111.218898
 166   -1    2   22 50911.265737 45970.985420
 166   -1    2   24 48537.285896 43718.817342
 166   -1    2   28 40229.750600 35980.052897
 166   -1    2   29 52605.417596 47392.739405
 166   -1    2   32 42899.756143 38435.224364
 166   -1    2   33 42765.441121 38028.089362
 166   -1    2   36 52371.400963 46555.410824
 166   -1    2   37 51559.311426 46279.618608
 166   -1    2   39 50968.588270 45505.362466
 174    1    1    4 52251.970974 46482.061889
 174    1    1    6 47177.916518 42042.698577
 174    1    1    7 51940.843191 46696.151655
 174    1    1    8 47589.400110 42261.763247
 174    1    1    9 56407.687135 50472.657342
 174    1    1   14 43102.074522 38459.437679
 174    1    1   15 48068.201253 43020.554559
 174    1    1   17 53921.254557 48902.943494
 174    1    1   18 51662.837669 46266.141352
 174    1    1   19 54038.081561 48517.072417
 174   -1    1    1 55300.331435 49954.109254
 174   -1    1    2 58243.257916 52400.747547
 174   -1    1    3 59407.569093 53415.877880
 174   -1    1    5 54238.301163 49160.584539
 174   -1    1   10 50287.583698 44908.804445
 174   -1    1   11 53161.981617 47786.532287
 174   -1    1   12 49894.060427 44818.452025
 174   -1    1   13 54344.216370 48486.177360
 174   -1    1   16 51986.834277 46658.171680
 174   -1    1   20 43484.307945 38171.617162
 174    1    2   21 48883.321848 43497.027803
 174    1    2   23 53709.442863 48338.945066
 174    1    2   25 48688.367538 44579.476264
 174    1    2   28 54126.793900 48660.509465
 174    1    2   29 53923.975854 48371.501142
 174    1    2   30 49454.807293 44747.459072
 174    1    2   35 42509.252740 38390.440554
 174    1    2   37 50756.794178 45559.243597
 174    1    2   38 52952.009626 47576.620643
 174    1    2   40 51652.804033 46718.357846
 174   -1    2   22 56731.447600 50995.807532
 174   -1    2   24 48810.504553 43679.095287
 174   -1    2   26 43565.722461 38578.777597
 174   -1    2   27 50114.988771 45152.995551
 174   -1    2   31 54729.599681 49229.277291
 174   -1    2   32 42113.945804 37721.414484
 174   -1    2   33 44284.586631 39535.793902
 174   -1    2   34 45972.035752 41038.189943
 174   -1    2   36 51053.303510 45919.387671
 174   -1    2   39 48750.972366 43420.178493
 175    1    1    6 59188.023757 53215.840761
 175    1    1    7 58682.305548 52706.501553
 175    1    1    8 56398.557811 50444.840359
 175    1    1    9 52577.314498 46707.373420
 175    1    1   10 54882.968602 49085.104011
 175    1    1   13 50804.943651 45424.452232
 175    1    1   15 51906.875769 46334.795300
 175    1    1   16 48795.801856 43477.324415
 175    1    1   17 52368.976972 46897.067623
 175    1    1   20 45145.802103 40339.021975
 175   -1    1    1 48800.992122 44108.705885
 175   -1    1    2 56747.748032 50969.259341
 175   -1    1    3 58058.209984 52136.023444
 175   -1    1    4 58547.617548 52607.463360
 175   -1    1    5 57549.610705 51555.365552
 175   -1    1   11 55278.846439 49600.748515
 175   -1    1   12 51366.358575 45577.736315
 175   -1    1   14 50540.301032 45043.634233
 175   -1    1   18 50738.018017 45326.524051
 175   -1    1   19 49480.081516 44120.204278
 175    1    2   22 51216.739530 45830.333882
 175    1    2   26 47131.369277 42023.024008
 175    1    2   32 47210.618517 42019.393477
 175    1    2   33 41118.503406 36593.361999
 175    1    2   35 42577.793719 37846.498620
 175    1    2   36 40344.806820 35921.007069
 175    1    2   37 47294.368202 42331.783126
 175    1    2   38 50203.551679 45104.749281
 175    1    2   39 44892.062610 39816.891599
 175    1    2   40 41215.849718 36743.530126
 175   -1    2   21 49436.574423 44456.492857
 175   -1    2   23 51059.071043 45850.822738
 175   -1    2   24 52501.769077 46997.170440
 175   -1    2   25 50655.535761 45380.752126
 175   -1    2   27 44569.225617 39637.723512
 175   -1    2   28 44662.675081 39749.706762
 175   -1    2   29 42003.649176 37232.065931
 175   -1    2   30 50154.564952 45041.907659
 175   -1    2   31 49553.102751 44618.270267
 175   -1    2   34 45465.695941 40718.754568
 178    1    1    2 51823.925438 45933.816926
 178    1    1    4 48449.145101 43470.937500
 178    1    1    5 49604.597382 44585.971445
 178    1    1    7 50414.065366 44892.235915
 178    1    1   11 44576.156125 40161.865182
 178    1    1   14 48661.996803 43581.262894
 178    1    1   15 51021.400312 45752.443684
 178    1    1   16 50161.641191 44847.054777
 178    1    1   17 51764.249337 46622.515186
 178    1    1   18 51512.198686 46063.230555
 178   -1    1    1 48755.243319 44700.887106
 178   -1    1    3 49045.760651 44133.681816
 178   -1    1    6 48990.932893 44033.977160
 178   -1    1    8 52156.391666 46852.310124
 178   -1    1    9 52168.671627 46957.059004
 178   -1    1   10 46269.943886 41605.354106
 178   -1    1   12 51797.899842 46416.157613
 178   -1    1   13 52883.872860 47592.729406
 178   -1    1   19 51476.700635 46048.223339
 178   -1    1   20 48862.355460 43973.143828
 178    1    2   21 50714.222270 45572.914566
 178    1    2   23 44454.452061 39439.118533
 178    1    2   25 43934.117734 39436.718959
 178    1    2   28 47082.763162 42397.251210
 178    1    2   30 44156.134433 38783.537096
 178    1    2   34 43233.694609 39195.068703
 178    1    2   36 45417.824065 41400.411910
 178    1    2   37 46128.198770 41460.786991
 178    1    2   38 45134.761226 40567.312976
 178    1    2   40 49320.348538 45168.707409
 178   -1    2   22 46042.001335 40857.807968
 178   -1    2   24 47710.520428 43285.905793
 178   -1    2   26 46422.426138 41966.212860
 178   -1    2   27 47690.476437 43098.672989
 178   -1    2   29 45633.907064 41549.033133
 178   -1    2   31 44997.813271 40486.542560
 178   -1    2   32 45143.809093 41141.579522
 178   -1    2   33 44368.709173 40363.826972
 178   -1    2   35 45972.086414 41348.864485
 178   -1    2   39 47669.169826 43189.185330
 179    1    1    6 51814.272920 46533.676682
 179    1    1    7 54432.412228 49000.857973
 179    1    1   10 53457.672492 48282.000079
 179    1    1   11 58021.782399 52173.180752
 179    1    1   12 57280.319623 51656.777931
 179    1    1   13 53607.183580 48534.889710
 179    1    1   14 56330.884707 51399.985676
 179    1    1   18 47245.773546 42638.090678
 179    1    1   19 53871.664302 48412.167235
 179    1    1   20 54369.517506 48710.453550
 179   -1    1    1 49658.315287 45227.308279
 179   -1    1    2 55865.523628 50146.098259
 179   -1    1    3 51993.508833 46216.216224
 179   -1    1    4 49216.536772 43726.863106
 179   -1    1    5 52263.066625 46838.850760
 179   -1    1    8 52082.368936 46726.360190
 179   -1    1    9 51386.563024 46870.874838
 179   -1    1   15 52485.945512 47048.428555
 179   -1    1   16 51619.761066 46375.631294
 179   -1    1   17 51642.888423 46411.684082
 179    1    2   23 49349.243434 44450.826149
 179    1    2   25 50421.877923 45185.845186
 179    1    2   26 50056.057666 44824.840269
 179    1    2   30 53001.761927 47793.033088
 179    1    2   31 51739.886980 46307.858322
 179    1    2   33 51805.655365 46241.565870
 179    1    2   35 53448.154625 48136.892860
 179    1    2   37 42933.265132 37917.567766
 179    1    2   38 51133.613169 45975.919446
 179    1    2   40 48554.830866 43628.012740
 179   -1    2   21 49581.759231 44333.789578
 179   -1    2   22 47472.992325 42273.068667
 179   -1    2   24 49566.929104 44518.316168
 179   -1    2   27 51523.517982 46308.090223
 179   -1    2   28 48718.238703 43248.447115
 179   -1    2   29 49102.384356 44015.020330
 179   -1    2   32 48906.642092 43690.879629
 179   -1    2   34 51710.075443 46191.542771
 179   -1    2   36 44019.344238 39071.576331
 179   -1    2   39 44359.416925 39221.547143
 181    1    1    2 55809.687630 49930.431411
 181    1    1    3 55561.825134 49878.263612
 181    1    1    5 51152.030102 45967.983091
 181    1    1    7 53912.513156 48643.375824
 181    1    1    8 53892.884406 48643.156807
 181    1    1    9 53486.943202 47999.639884
 181    1    1   12 47854.174429 42778.720731
 181    1    1   15 49136.449443 44084.242560
 181    1    1   16 42520.603891 38190.659751
 181    1    1   19 46585.344652 41811.992890
 181   -1    1    1 49863.666222 44772.546224
 181   -1    1    4 51151.846564 45667.098975
 181   -1    1    6 52334.986600 46974.929649
 181   -1    1   10 51065.632521 46048.363912
 181   -1    1   11 51967.686608 46834.113649
 181   -1    1   13 52817.140765 47348.830532
 181   -1    1   14 52952.178622 47926.058448
 181   -1    1   17 49823.532239 44754.169037
 181   -1    1   18 44396.152131 39616.296072
 181   -1    1   20 52229.984482 47446.871654
 181    1    2   21 49563.929799 44977.859708
 181    1    2   26 52349.036188 47092.845032
 181    1    2   29 51334.052058 46108.022490
 181    1    2   31 42905.479594 38245.162737
 181    1    2   32 48671.423627 44423.198877
 181    1    2   33 53193.845096 47827.175594
 181    1    2   35 46596.512218 41248.746002
 181    1    2   36 54881.594783 49875.877996
 181    1    2   38 51050.449059 45510.622774
 181    1    2   40 50521.446995 45510.230336
 181   -1    2   22 43999.468757 39255.083888
 181   -1    2   23 44150.724953 39591.796914
 181   -1    2   24 45997.570592 41341.819047
 181   -1    2   25 51293.466093 46275.159645
 181   -1    2   27 50098.994871 45024.829032
 181   -1    2   28 51768.267163 47137.874246
 181   -1    2   30 45028.739943 40040.562919
 181   -1    2   34 51591.621786 45929.144956
 181   -1    2   37 50484.943359 45287.300559
 181   -1    2   39 39938.180714 35860.728666
 185    1    1    1 49193.194756 44638.408625
 185    1    1    2 56947.904639 51153.295104
 185    1    1    3 57131.021663 51380.724935
 185    1    1    5 54663.574097 48924.397527
 185    1    1    6 54395.815235 48875.622660
 185    1    1   10 52041.660299 46681.123367
 185    1    1   13 53367.688041 47870.923512
 185    1    1   15 47903.772210 42610.424012
 185    1    1   17 47958.209588 42602.532136
 185    1    1   18 45866.041481 41092.372347
 185   -1    1    4 57319.617856 51536.928981
 185   -1    1    7 56026.653203 50230.617684
 185   -1    1    8 55005.876111 49721.611505
 185   -1    1    9 53457.240623 48027.120877
 185   -1    1   11 54690.742702 49190.994185
 185   -1    1   12 52329.562112 46629.049991
 185   -1    1   14 55653.006746 49865.007780
 185   -1    1   16 50200.195809 44854.826741
 185   -1    1   19 47375.133951 42045.483366
 185   -1    1   20 48693.291825 43788.957095
 185    1    2   21 45628.237537 40018.763584
 185    1    2   22 42158.390663 37633.552632
 185    1    2   23 41528.272543 37113.689052
 185    1    2   26 52003.286893 46561.763107
 185    1    2   27 50981.490651 46041.091548
 185    1    2   29 44557.564676 39757.930710
 185    1    2   30 46210.361158 40880.455753
 185    1    2   31 45221.119778 40303.133122
 185    1    2   37 43357.049843 38312.506031
 185    1    2   38 46349.544470 41843.137348
 185   -1    2   24 42267.299162 37544.385003
 185   -1    2   25 45071.488393 40632.224732
 185   -1    2   28 50726.315484 45780.912721
 185   -1    2   32 42798.295703 38258.307553
 185   -1    2   33 44378.934514 39710.997794
 185   -1    2   34 46370.913390 41571.676891
 185   -1    2   35 47369.928546 42241.752246
 185   -1    2   36 47893.637021 43296.380758
 185   -1    2   39 50795.721527 46178.319425
 185   -1    2   40 51181.249855 46300.315058
 191    1    1    1 45745.373678 41740.889660
 191    1    1    3 51247.213066 46168.805647
 191    1    1    5 44944.552724 39969.438789
 191    1    1    6 44676.184765 40141.324966
 191    1    1    9 46347.235901 41723.705996
 191    1    1   12 47568.867756 42762.709597
 191    1    1   14 53553.940997 48086.244075
 191    1    1   15 48676.316892 43975.883352
 191    1    1   16 48682.677053 43572.020482
 191    1    1   17 52297.451928 46982.712537
 191   -1    1    2 52376.112844 46848.543444
 191   -1    1    4 50763.083412 45923.203098
 191   -1    1    7 45007.284482 40025.297928
 191   -1    1    8 46551.421905 41956.085043
 191   -1    1   10 49974.519887 44520.219134
 191   -1    1   11 50975.323604 45942.335191
 191   -1    1   13 49604.744353 44756.218721
 191   -1    1   18 53868.480762 48320.952842
 191   -1    1   19 54963.565169 49343.206779
 191   -1    1   20 46807.040323 41830.546852
 191    1    2   23 50260.600529 45016.280421
 191    1    2   25 51497.983584 46577.729978
 191    1    2   26 52432.607425 46759.776763
 191    1    2   28 50687.695666 45130.273112
 191    1    2   31 49470.961838 44695.503241
 191    1    2   32 48573.881885 43523.555091
 191    1    2   33 48308.045193 42934.037100
 191    1    2   35 48505.470284 43378.317466
 191    1    2   36 47983.370871 42810.403375
 191    1    2   38 49781.640791 44468.097763
 191   -1    2   21 54696.260926 49640.334339
 191   -1    2   22 55429.734277 49709.814330
 191   -1    2   24 52375.863452 46647.384045
 191   -1    2   27 54512.720045 48995.584431
 191   -1    2   29 52595.836859 47466.071640
 191   -1    2   30 53860.678604 48007.859799
 191   -1    2   34 51688.956304 46138.918771
 191   -1    2   37 48852.691345 43583.061591
 191   -1    2   39 52008.775258 46637.736198
 191   -1    2   40 50148.549166 44832.248746
 193    1    1    3 46429.293609 41691.796940
 193    1    1    4 47326.922174 42684.393611
 193    1    1    6 48317.775670 43702.331301
 193    1    1    7 52554.535457 47411.347270
 193    1    1    8 50746.337869 45697.241940
 193    1    1    9 51872.766386 47049.277105
 193    1    1   10 51130.191537 46259.409694
 193    1    1   13 47534.261461 42428.133115
 193    1    1   14 50252.020927 45307.568125
 193    1    1   20 51929.370538 46778.449570
 193   -1    1    1 40295.825809 36283.397568
 193   -1    1    2 46357.701037 41725.302276
 193   -1    1    5 47119.605916 42290.305504
 193   -1    1   11 45915.161129 41123.365660
 193   -1    1   12 49581.108905 44565.404146
 193   -1    1   15 43034.313926 37990.076289
 193   -1    1   16 47038.053343 42475.881830
 193   -1    1   17 49071.152513 43729.481233
 193   -1    1   18 49837.586741 44719.617603
 193   -1    1   19 50792.761642 45638.780044
 193    1    2   21 52406.101002 47049.482959
 193    1    2   23 50445.826876 45654.387615
 193    1    2   26 49790.776823 45133.766153
 193    1    2   27 48786.503594 43349.213956
 193    1    2   28 49460.223518 44335.961107
 193    1    2   30 48267.252315 43221.264480
 193    1    2   31 50143.831179 44969.826300
 193    1    2   36 48778.385713 43740.177296
 193    1    2   38 52387.720065 47180.590843
 193    1    2   40 49786.209147 44749.229695
 193   -1    2   22 48099.792240 43523.701866
 193   -1    2   24 50205.602216 45090.337743
 193   -1    2   25 47585.160249 42431.848324
 193   -1    2   29 48732.523761 43312.895623
 193   -1    2   32 52368.196057 46928.634127
 193   -1    2   33 51069.564988 45842.220707
 193   -1    2   34 52271.687287 46906.194532
 193   -1    2   35 50663.797628 45703.859236
 193   -1    2   37 50680.458096 45814.652826
 193   -1    2   39 49410.156192 43959.559100
 194    1    1    1 49628.431653 44795.172084
 194    1    1    3 51958.499219 46321.907959
 194    1    1    6 53051.200365 47055.734736
 194    1    1    7 51221.139707 45571.740433
 194    1    1    9 54724.375880 49072.377230
 194    1    1   10 52749.621081 47222.301241
 194    1    1   13 46066.562383 41463.146512
 194    1    1   14 48360.906006 42892.731383
 194    1    1   18 48490.997978 44333.150878
 194    1    1   20 46505.385221 41353.811401
 194   -1    1    2 53889.903202 48452.382244
 194   -1    1    4 53783.123689 48377.087504
 194   -1    1    5 53056.643940 47215.327159
 194   -1    1    8 54295.980800 49204.568603
 194   -1    1   11 52639.780218 46827.450822
 194   -1    1   12 53000.256688 47806.868632
 194   -1    1   15 49908.322255 44550.663147
 194   -1    1   16 52808.556969 47675.978473
 194   -1    1   17 42097.140452 37848.573092
 194   -1    1   19 52490.628498 47536.688093
 194    1    2   22 50779.824123 45068.657599
 194    1    2   23 47117.545835 41894.248350
 194    1    2   24 49723.356856 44295.891116
 194    1    2   25 47919.085708 42684.293637
 194    1    2   26 51664.114492 46307.356219
 194    1    2   30 46876.548967 42154.045968
 194    1    2   31 47108.112285 42564.618399
 194    1    2   34 47092.613607 42463.697592
 194    1    2   38 40937.065800 36626.187620
 194    1    2   39 43703.650405 38661.457398
 194   -1    2   21 44661.460841 40440.207935
 194   -1    2   27 44818.278467 39567.349706
 194   -1    2   28 46696.757997 41818.745578
 194   -1    2   29 48545.364747 43512.545035
 194   -1    2   32 44785.202297 39900.493851
 194   -1    2   33 43765.074733 38939.975814
 194   -1    2   35 46182.354153 41460.375106
 194   -1    2   36 43189.345535 38670.290589
 194   -1    2   37 48421.588560 43625.587153
 194   -1    2   40 48155.167003 43858.499764
 195    1    1    2 49834.712030 44826.911402
 195    1    1    3 50406.881428 45191.849292
 195    1    1    7 52336.959162 46766.476038
 195    1    1    8 52479.881200 47080.358811
 195    1    1    9 52637.843025 47189.246803
 195    1    1   11 52840.801374 47532.561693
 195    1    1   12 49645.577849 44422.004274
 195    1    1   14 55078.663983 49398.397569
 195    1    1   16 54748.732605 49120.799841
 195    1    1   17 55890.242770 50400.098719
 195   -1    1    1 46342.683735 42075.501482
 195   -1    1    4 52940.296741 47440.792628
 195   -1    1    5 53430.888169 48418.940974
 195   -1    1    6 54759.187826 49103.136768
 195   -1    1   10 52631.931464 47220.120569
 195   -1    1   13 56398.539189 50795.712858
 195   -1    1   15 52724.580694 47693.793035
 195   -1    1   18 54017.057651 48676.402908
 195   -1    1   19 52583.383008 47381.104816
 195   -1    1   20 49712.541533 44472.322739
 195    1    2   22 50626.223921 45251.765410
 195    1    2   24 43882.098950 38585.931640
 195    1    2   25 48996.777078 43967.570815
 195    1    2   28 43253.453192 37944.733939
 195    1    2   30 42018.325351 37547.049709
 195    1    2   32 48707.493969 43507.893855
 195    1    2   34 43261.355732 38837.714016
 195    1    2   38 45442.369932 40184.549393
 195    1    2   39 42853.113368 38098.270958
 195    1    2   40 45611.680610 40856.428311
 195   -1    2   21 51071.240635 46188.373143
 195   -1    2   23 52251.778490 46927.773998
 195   -1    2   26 53341.287023 47979.573556
 195   -1    2   27 50124.941143 44738.389042
 195   -1    2   29 48286.462257 43230.913150
 195   -1    2   31 45890.486417 40627.990474
 195   -1    2   33 45812.222451 40669.763895
 195   -1    2   35 52984.146356 47900.720188
 195   -1    2   36 53593.403994 48278.268045
 195   -1    2   37 54562.862741 49227.139839
 197    1    1    5 54762.707318 48957.111707
 197    1    1    6 54808.019200 48944.555910
 197    1    1    7 56950.148306 51369.365118
 197    1    1    8 59109.471058 53139.010634
 197    1    1   11 54491.216046 48863.213321
 197    1    1   13 49363.200102 43916.638450
 197    1    1   16 43359.755331 39041.610717
 197    1    1   17 44432.602790 39668.753796
 197    1    1   18 52512.850886 47484.624622
 197    1    1   19 51781.021259 46386.365604
 197   -1    1    1 50539.355592 45560.714921
 197   -1    1    2 55121.847954 49510.820292
 197   -1    1    3 54437.928491 48623.911562
 197   -1    1    4 56853.843466 51191.960367
 197   -1    1    9 54664.939353 48777.624876
 197   -1    1   10 56235.259328 50603.326351
 197   -1    1   12 50032.678450 44904.035424
 197   -1    1   14 50480.761051 45191.429031
 197   -1    1   15 48451.078220 43580.406924
 197   -1    1   20 52810.056737 47341.170225
 197    1    2   22 50170.891636 44985.975384
 197    1    2   23 47595.693352 42750.753288
 197    1    2   25 48310.771864 43132.506833
 197    1    2   27 50861.970062 45558.097190
 197    1    2   28 49120.207958 44613.472544
 197    1    2   31 51284.602423 46103.458720
 197    1    2   32 44619.298054 39627.957709
 197    1    2   35 49937.268665 44671.292642
 197    1    2   38 48322.342619 43007.031892
 197    1    2   40 45264.020254 40735.770134
 197   -1    2   21 51131.928495 46264.458066
 197   -1    2   24 46364.850550 41374.216253
 197   -1    2   26 53575.964222 48385.245270
 197   -1    2   29 43113.523330 38349.520953
 197   -1    2   30 50900.484167 46168.636774
 197   -1    2   33 41108.167975 36933.690658
 197   -1    2   34 42755.683957 38168.721482
 197   -1    2   36 53196.499793 48233.705302
 197   -1    2   37 53880.951322 48444.898144
 197   -1    2   39 45012.544317 40753.699078
 205    1    1    2 49079.543312 44027.521682
 205    1    1    4 53855.346127 48473.741517
 205    1    1    5 56501.392369 51021.057875
 205    1    1    7 55159.225015 49896.843923
 205    1    1    9 49148.595588 43918.905095
 205    1    1   10 53266.025527 48207.659996
 205    1    1   12 51241.003733 46286.344205
 205    1    1   13 53832.563466 48605.753182
 205    1    1   14 52860.733428 47344.575354
 205    1    1   17 49917.799407 45240.176152
 205   -1    1    1 47274.963380 42862.704691
 205   -1    1    3 53331.281233 48058.117967
 205   -1    1    6 56218.958318 50433.887032
 205   -1    1    8 46876.171783 41828.805974
 205   -1    1   11 49713.058577 44090.115268
 205   -1    1   15 46660.493168 40992.859480
 205   -1    1   16 49891.243215 45396.427571
 205   -1    1   18 48521.502036 43235.598071
 205   -1    1   19 52372.788992 46952.615225
 205   -1    1   20 48650.199446 43305.974451
 205    1    2   22 51986.749525 46758.724977
 205    1    2   24 50303.050840 45071.028171
 205    1    2   25 51942.943132 46809.000288
 205    1    2   30 50730.570750 46134.678046
 205    1    2   31 52883.671693 47392.155139
 205    1    2   32 55878.722859 50243.091067
 205    1    2   34 55682.488391 50254.631456
 205    1    2   35 49663.040999 44641.662745
 205    1    2   36 51355.292120 46147.620954
 205    1    2   40 46711.811942 42053.541075
 205   -1    2   21 43839.985399 39131.564906
 205   -1    2   23 51075.365601 45949.904812
 205   -1    2   26 49542.392018 44533.507524
 205   -1    2   27 46372.097223 41163.441651
 205   -1    2   28 50132.320065 45233.220450
 205   -1    2   29 48378.518136 43100.480505
 205   -1    2   33 53973.406858 48268.245968
 205   -1    2   37 47828.136168 42560.361896
 205   -1    2   38 48165.828352 43308.406778
 205   -1    2   39 50267.717866 45503.012780
 206    1    1    1 51721.789811 47180.573680
 206    1    1    2 58595.774289 52775.734933
 206    1    1    3 55356.553112 49885.474365
 206    1    1    6 49818.559058 44740.501599
 206    1    1    7 50181.991847 44758.144853
 206    1    1    8 53521.995104 47948.061623
 206    1    1   11 52353.698724 46990.794187
 206    1    1   12 57665.283966 52063.684475
 206    1    1   13 56612.445690 50831.785224
 206    1    1   20 50455.430166 45088.168045
 206   -1    1    4 48708.607029 42784.407322
 206   -1    1    5 45892.124051 40683.144038
 206   -1    1    9 51690.617658 46123.184521
 206   -1    1   10 48930.285111 43876.650018
 206   -1    1   14 53504.707605 47911.224393
 206   -1    1   15 47436.369331 42342.040217
 206   -1    1   16 50566.013479 44721.445911
 206   -1    1   17 50343.079022 45123.546471
 206   -1    1   18 50307.615811 45127.067002
 206   -1    1   19 50207.364171 44410.527709
 206    1    2   23 48167.041254 43169.960851
 206    1    2   26 47512.328535 42468.097886
 206    1    2   28 48481.867993 43406.604531
 206    1    2   30 49640.879717 44358.105043
 206    1    2   31 49799.474339 44357.454490
 206    1    2   32 47653.940126 42531.535882
 206    1    2   33 51426.023557 45877.623251
 206    1    2   35 49055.517908 43680.732929
 206    1    2   38 43013.615995 38516.073021
 206    1    2   40 47155.404948 42077.004291
 206   -1    2   21 48554.590876 43428.790746
 206   -1    2   22 44744.300436 39714.034135
 206   -1    2   24 47693.762647 42737.685381
 206   -1    2   25 51299.645167 46045.388397
 206   -1    2   27 46333.553114 41287.154805
 206   -1    2   29 47276.440044 41928.462848
 206   -1    2   34 47842.424112 42790.503265
 206   -1    2   36 44412.582826 39654.864058
 206   -1    2   37 44862.466578 39886.667108
 206   -1    2   39 53136.271082 47657.876919
 207    1    1    2 49628.937813 44679.039681
 207    1    1    3 51457.841444 46151.168109
 207    1    1    7 49984.836378 45018.444306
 207    1    1    8 54108.517668 48607.183595
 207    1    1    9 50605.828103 45375.881576
 207    1    1   11 43681.444437 38812.680523
 207    1    1   12 45766.090758 41018.070135
 207    1    1   14 49460.901087 44433.382766
 207    1    1   16 45545.831830 40768.352661
 207    1    1   18 48162.681936 43154.412323
 207   -1    1    1 45922.610223 41028.725067
 207   -1    1    4 52905.055645 47263.274935
 207   -1    1    5 51621.841064 46149.682472
 207   -1    1    6 49359.972243 44200.074884
 207   -1    1   10 45963.530969 40639.854271
 207   -1    1   13 42990.796132 38039.099929
 207   -1    1   15 45496.302691 40278.752483
 207   -1    1   17 45716.480271 40849.088844
 207   -1    1   19 48458.616227 43381.800509
 207   -1    1   20 48342.520888 43090.861823
 207    1    2   21 50633.368980 45350.785308
 207    1    2   22 48561.467796 43654.191943
 207    1    2   25 49910.607192 44753.491923
 207    1    2   29 49800.019316 44710.288226
 207    1    2   30 48748.679751 43801.627309
 207    1    2   31 48703.911092 44010.058635
 207    1    2   36 48314.892074 43672.280742
 207    1    2   38 48418.333892 43357.226961
 207    1    2   39 46844.707492 41759.834219
 207    1    2   40 45745.621305 40669.620451
 207   -1    2   23 44567.789512 39613.051930
 207   -1    2   24 50945.201093 45815.770881
 207   -1    2   26 48098.400598 43111.437982
 207   -1    2   27 44499.152996 39533.621422
 207   -1    2   28 49774.838155 44272.885589
 207   -1    2   32 44612.947720 39603.143338
 207   -1    2   33 43191.836122 38303.586907
 207   -1    2   34 44673.971160 40355.993892
 207   -1    2   35 48134.891809 42662.417193
 207   -1    2   37 46515.311842 41253.773483
 210    1    1    1 50352.646194 45520.121687
 210    1    1    2 54799.368672 49302.554222
 210    1    1    4 54020.802579 48404.351322
 210    1    1    5 54453.678691 49044.795209
 210    1    1    7 52390.180226 46902.002671
 210    1    1    9 53600.981028 47972.436993
 210    1    1   13 52831.435304 47315.184411
 210    1    1   14 48784.895736 43775.312628
 210    1    1   15 47995.537464 43219.732792
 210    1    1   16 50696.278877 45664.610330
 210   -1    1    3 58117.304217 52237.048130
 210   -1    1    6 55006.199872 49420.584909
 210   -1    1    8 54354.322531 48693.371219
 210   -1    1   10 54716.581435 49230.940622
 210   -1    1   11 56123.664602 50337.134352
 210   -1    1   12 52283.952987 46910.577941
 210   -1    1   17 50820.705335 45870.492587
 210   -1    1   18 53064.874872 47849.963864
 210   -1    1   19 51931.089884 46615.235490
 210   -1    1   20 50709.358600 45554.462713
 210    1    2   22 45658.485686 40669.435245
 210    1    2   23 47543.329807 42482.680871
 210    1    2   24 45980.008028 41220.985993
 210    1    2   28 49085.669208 43699.900114
 210    1    2   29 47957.494388 42927.148728
 210    1    2   32 50804.527984 45473.679686
 210    1    2   33 48349.300283 43362.565315
 210    1    2   36 46352.409211 41379.600582
 210    1    2   37 46671.890033 41725.185734
 210    1    2   39 42121.736086 37656.965447
 210   -1    2   21 51698.341466 46535.275606
 210   -1    2   25 45599.187405 40897.698264
 210   -1    2   26 50188.236327 45397.024566
 210   -1    2   27 46517.373228 41910.158527
 210   -1    2   30 47983.685523 43338.437928
 210   -1    2   31 49789.947277 44767.682759
 210   -1    2   34 51106.853693 46187.684260
 210   -1    2   35 52802.770160 47480.675179
 210   -1    2   38 46732.444692 41638.056898
 210   -1    2   40 47400.351915 42627.405654
 212    1    1    1 39764.487282 35763.230764
 212    1    1    2 41515.397092 37475.362398
 212    1    1    3 45028.195203 40564.995345
 212    1    1    4 47636.293384 43134.070522
 212    1    1    6 50560.356116 45810.364285
 212    1    1    7 49346.445996 44313.464029
 212    1    1    9 52635.547921 47303.284755
 212    1    1   11 51078.900808 45983.806834
 212    1    1   13 53608.909146 48264.477595
 212    1    1   18 48791.753414 43732.450686
 212   -1    1    5 47414.389041 42443.954042
 212   -1    1    8 50640.833923 45371.053073
 212   -1    1   10 48589.734009 43126.590582
 212   -1    1   12 48988.882108 44625.711753
 212   -1    1   14 49183.633259 44588.967379
 212   -1    1   15 48522.857489 43388.674987
 212   -1    1   16 47849.719923 42565.327515
 212   -1    1   17 48874.941263 43469.211517
 212   -1    1   19 52043.620755 46863.159503
 212   -1    1   20 51133.866806 46234.080373
 212    1    2   21 50635.478279 45805.830014
 212    1    2   22 50217.265669 45250.531295
 212    1    2   23 51080.627538 45978.540742
 212    1    2   25 49091.279346 44524.639992
 212    1    2   26 49573.276085 44308.512416
 212    1    2   28 52843.315135 47865.832153
 212    1    2   29 48773.886334 43866.397642
 212    1    2   30 49577.381782 44429.730676
 212    1    2   34 47041.168394 42256.068315
 212    1    2   35 48128.224504 43054.476685
 212   -1    2   24 51847.041342 46654.242218
 212   -1    2   27 43860.143520 38514.026731
 212   -1    2   31 48109.487841 42831.593815
 212   -1    2   32 47672.781413 42347.750765
 212   -1    2   33 49079.669107 44105.560239
 212   -1    2   36 48448.556390 43316.081658
 212   -1    2   37 45640.716061 41629.601147
 212   -1    2   38 47436.470882 42776.520322
 212   -1    2   39 46151.477456 41139.892739
 212   -1    2   40 46531.005380 41693.656233
 220    1    1    1 44279.952438 39580.390139
 220    1    1    3 52634.537111 47709.794798
 220    1    1    7 54904.487716 49396.760339
 220    1    1    9 55238.985669 49747.982999
 220    1    1   10 54679.823268 49111.733751
 220    1    1   12 54323.983027 48739.533600
 220    1    1   14 53010.396789 47697.787083
 220    1    1   15 54664.001654 49385.757874
 220    1    1   16 54189.393043 48872.422651
 220    1    1   17 54090.207544 48736.617372
 220   -1    1    2 49130.539759 43996.772225
 220   -1    1    4 53077.694954 47764.458154
 220   -1    1    5 53158.298700 47385.111641
 220   -1    1    6 51373.119058 46670.669718
 220   -1    1    8 54442.413223 48906.789416
 220   -1    1   11 50585.130689 45308.899134
 220   -1    1   13 45609.927747 40073.051491
 220   -1    1   18 48067.859520 42566.905202
 220   -1    1   19 50409.965051 45031.827129
 220   -1    1   20 45155.075996 40200.455764
 220    1    2   24 52895.252658 47708.744935
 220    1    2   25 52549.725307 47398.640321
 220    1    2   28 50173.698589 44932.378220
 220    1    2   29 50246.011416 45506.027277
 220    1    2   30 52589.527110 47520.512808
 220    1    2   31 47730.364235 42779.978726
 220    1    2   32 49052.810454 44221.502820
 220    1    2   34 44332.849319 39942.949692
 220    1    2   36 51663.421470 46430.427812
 220    1    2   37 52981.937624 47932.808959
 220   -1    2   21 50972.734477 45952.305353
 220   -1    2   22 52924.509813 47477.157486
 220   -1    2   23 48512.952730 43527.098223
 220   -1    2   26 51059.594717 45838.226311
 220   -1    2   27 46478.008441 41111.724154
 220   -1    2   33 41069.622817 36478.778379
 220   -1    2   35 47129.257969 42340.146462
 220   -1    2   38 45808.285104 40455.233511
 220   -1    2   39 45996.971144 40861.820085
 220   -1    2   40 44652.723287 39865.072632
 223    1    1    1 54416.533994 48807.306255
 223    1    1    5 52082.769192 46633.773105
 223    1    1    8 48576.020213 43329.484890
 223    1    1    9 50970.322367 45890.801826
 223    1    1   10 48731.954552 43654.000663
 223    1    1   11 49341.263291 44201.522276
 223    1    1   12 51168.925841 46338.030936
 223    1    1   16 48779.158379 43813.199436
 223    1    1   17 48417.276532 43067.223864
 223    1    1   20 48699.530953 44095.246010
 223   -1    1    2 56128.907641 50162.099981
 223   -1    1    3 53077.212079 47468.867991
 223   -1    1    4 55263.608255 50202.823788
 223   -1    1    6 54158.153217 48447.445834
 223   -1    1    7 55668.600015 49859.997257
 223   -1    1   13 51258.228688 46137.070265
 223   -1    1   14 51103.824105 45396.616216
 223   -1    1   15 50438.096052 44793.147489
 223   -1    1   18 48440.521059 43236.245468
 223   -1    1   19 49806.036326 44410.498398
 223    1    2   21 49424.513941 44594.483535
 223    1    2   22 49279.107459 44080.948243
 223    1    2   26 47510.541413 42642.175477
 223    1    2   27 47444.871079 42034.996875
 223    1    2   33 46481.819015 41727.122146
 223    1    2   34 47009.281820 41923.289080
 223    1    2   36 46607.823494 41594.974521
 223    1    2   37 46824.077188 41954.654700
 223    1    2   38 45743.559586 41210.738931
 223    1    2   39 46550.948542 41590.939977
 223   -1    2   23 49439.410724 44223.161083
 223   -1    2   24 47094.847181 42044.974544
 223   -1    2   25 50057.789209 45031.117617
 223   -1    2   28 49156.002178 44010.903414
 223   -1    2   29 48041.138531 43397.374027
 223   -1    2   30 47065.165751 42291.378921
 223   -1    2   31 47348.652561 42580.096042
 223   -1    2   32 45783.015813 40684.055815
 223   -1    2   35 47760.249481 42567.004764
 223   -1    2   40 46448.482758 41832.670534
 225    1    1    2 49213.124856 43216.476656
 225    1    1    4 48207.134636 42939.259899
 225    1    1    6 49850.699448 44921.904957
 225    1    1    9 49848.270946 44207.511387
 225    1    1   10 48021.370028 42936.266857
 225    1    1   12 49499.871600 44034.316642
 225    1    1   14 48979.633561 43546.135627
 225    1    1   15 49730.228090 44470.761774
 225    1    1   16 50292.966262 45110.789188
 225    1    1   18 47223.265056 42286.076834
 225   -1    1    1 53219.254740 48829.415814
 225   -1    1    3 53294.906674 47900.512552
 225   -1    1    5 51186.801564 45744.617431
 225   -1    1    7 50854.825465 45799.263462
 225   -1    1    8 50951.370148 46560.649299
 225   -1    1   11 52468.660301 46867.158982
 225   -1    1   13 53389.698932 47861.458630
 225   -1    1   17 51093.643716 45973.563267
 225   -1    1   19 52602.360081 46861.709416
 225   -1    1   20 50583.177303 45527.283986
 225    1    2   21 44987.312313 39522.735158
 225    1    2   22 50202.172986 44669.339539
 225    1    2   26 48043.223895 42556.546283
 225    1    2   28 40914.681876 35919.298125
 225    1    2   29 43581.441505 38565.773649
 225    1    2   30 49411.732509 44252.967020
 225    1    2   32 47447.809421 41905.902863
 225    1    2   34 42366.623164 37319.372938
 225    1    2   39 48464.537890 43356.465407
 225    1    2   40 47133.910352 42340.323255
 225   -1    2   23 51117.813228 45966.285901
 225   -1    2   24 51817.628097 46566.357980
 225   -1    2   25 50002.470772 44401.521399
 225   -1    2   27 50429.069056 45273.261899
 225   -1    2   31 50208.796702 44874.152378
 225   -1    2   33 50241.318018 45176.495824
 225   -1    2   35 44302.873083 39597.191053
 225   -1    2   36 43471.328695 38419.304001
 225   -1    2   37 47213.669686 42137.934018
 225   -1    2   38 42135.472189 37520.696628
 226    1    1    1 42809.243650 38805.303742
 226    1    1    4 48342.231041 43650.996760
 226    1    1    6 48758.111972 43709.531139
 226    1    1    7 51525.123846 46558.558738
 226    1    1    8 50771.549548 45567.467621
 226    1    1   10 49258.892898 44423.458076
 226    1    1   17 52073.528953 46934.619480
 226    1    1   18 50931.267379 45615.937120
 226    1    1   19 49533.786908 43945.042905
 226    1    1   20 50029.423075 44871.561317
 226   -1    1    2 46933.351399 42188.221155
 226   -1    1    3 49139.144147 44932.493668
 226   -1    1    5 55065.385101 49478.145711
 226   -1    1    9 48180.387781 43199.368619
 226   -1    1   11 43314.359623 38663.349872
 226   -1    1   12 49780.153531 44815.603911
 226   -1    1   13 48379.895297 43505.794189
 226   -1    1   14 50036.333491 44867.677758
 226   -1    1   15 53260.003772 47690.423706
 226   -1    1   16 49145.069038 43843.277569
 226    1    2   21 52157.945252 46385.135660
 226    1    2   22 47351.057260 42703.615510
 226    1    2   24 45842.453168 41095.693881
 226    1    2   26 46193.997106 41589.088323
 226    1    2   29 54966.266946 49789.985864
 226    1    2   31 51305.992687 45982.032572
 226    1    2   32 51977.216698 46761.186984
 226    1    2   37 53329.375267 47906.469086
 226    1    2   38 51254.845382 45921.481569
 226    1    2   39 51052.687627 46212.590507
 226   -1    2   23 40852.046912 36231.573839
 226   -1    2   25 42520.669674 37544.697143
 226   -1    2   27 46998.801231 42237.731533
 226   -1    2   28 46796.810583 41786.362714
 226   -1    2   30 49542.591274 44109.604881
 226   -1    2   33 51091.173312 45975.525172
 226   -1    2   34 52924.227900 47257.976822
 226   -1    2   35 54995.144482 49495.983371
 226   -1    2   36 52764.133151 47560.619965
 226   -1    2   40 50538.457377 45186.524607
 227    1    1    1 43464.968680 39461.895670
 227    1    1    5 52344.691206 46826.153613
 227    1    1    8 52908.348755 47506.626485
 227    1    1   10 53723.470201 48204.310164
 227    1    1   11 53141.992445 47723.588062
 227    1    1   14 51173.924938 46010.171433
 227    1    1   16 51228.162561 46217.102760
 227    1    1   17 49889.281276 44751.178877
 227    1    1   18 51153.752651 45969.808299
 227    1    1   20 49885.430789 44981.955186
 227   -1    1    2 53943.763016 48737.719695
 227   -1    1    3 53730.102713 48199.778855
 227   -1    1    4 54099.227942 48638.812361
 227   -1    1    6 53175.790808 47556.681323
 227   -1    1    7 49480.440732 43894.046094
 227   -1    1    9 52357.474053 47035.107363
 227   -1    1   12 50922.677735 45466.263811
 227   -1    1   13 48849.840926 43542.213281
 227   -1    1   15 48721.302836 43293.428226
 227   -1    1   19 48758.769145 43749.920203
 227    1    2   22 48796.651180 43866.077408
 227    1    2   24 51172.373122 46207.378522
 227    1    2   25 49254.875561 44302.589023
 227    1    2   27 49789.146919 44650.022860
 227    1    2   29 50425.636731 45664.108049
 227    1    2   30 47841.664111 42862.113410
 227    1    2   35 47148.408118 42127.336339
 227    1    2   38 48372.978649 43753.551971
 227    1    2   39 50272.942819 44965.158297
 227    1    2   40 50633.535600 45482.331597
 227   -1    2   21 50778.540685 45459.687978
 227   -1    2   23 50385.039292 45262.140376
 227   -1    2   26 48370.375990 43292.710201
 227   -1    2   28 46469.338778 41572.390731
 227   -1    2   31 45197.412499 39928.149649
 227   -1    2   32 51234.338378 46574.839360
 227   -1    2   33 48586.510394 43645.149629
 227   -1    2   34 48285.217718 43015.675248
 227   -1    2   36 43471.003309 38979.446701
 227   -1    2   37 48924.598956 44331.600005
 229    1    1    1 42456.378106 38449.064392
 229    1    1    5 57273.443259 51524.942674
 229    1    1    9 54642.555682 49445.706255
 229    1    1   10 49108.850097 44214.522214
 229    1    1   12 53642.969481 48105.591050
 229    1    1   13 53903.459667 48316.137496
 229    1    1   14 53191.927465 48115.761659
 229    1    1   17 50507.222188 45420.842020
 229    1    1   18 49710.259132 44489.595672
 229    1    1   20 45940.550739 40923.212584
 229   -1    1    2 55174.548135 49680.664107
 229   -1    1    3 55638.098138 50004.872615
 229   -1    1    4 55910.995245 50229.722653
 229   -1    1    6 53394.985063 47880.173845
 229   -1    1    7 54706.784319 49040.857911
 229   -1    1    8 53366.704316 47893.396843
 229   -1    1   11 50027.442584 45011.557445
 229   -1    1   15 53093.164642 47654.574791
 229   -1    1   16 50122.141081 44782.928780
 229   -1    1   19 45488.964475 41248.531642
 229    1    2   21 45516.838176 40714.771181
 229    1    2   22 50725.275197 46465.027123
 229    1    2   26 49941.840290 44624.010421
 229    1    2   29 49217.893505 44054.589661
 229    1    2   32 50796.887159 45588.489974
 229    1    2   34 52034.896344 47310.736513
 229    1    2   36 51136.261360 45966.232939
 229    1    2   37 49089.933993 44027.990128
 229    1    2   39 47601.192625 42860.106319
 229    1    2   40 49914.050045 44680.629326
 229   -1    2   23 50635.926161 46474.208847
 229   -1    2   24 47957.067186 42431.930384
 229   -1    2   25 45699.534433 40695.936083
 229   -1    2   27 44981.541390 40169.529781
 229   -1    2   28 47340.080603 42617.040426
 229   -1    2   30 49259.726400 44288.032271
 229   -1    2   31 47852.806445 42740.372632
 229   -1    2   33 48238.824154 42977.478866
 229   -1    2   35 47225.587869 42199.934808
 229   -1    2   38 47755.914483 42418.589168
 230    1    1    3 50150.145819 44598.162390
 230    1    1    4 54787.268666 49191.633597
 230    1    1    6 52909.228492 47066.731372
 230    1    1    7 52041.695962 46804.759680
 230    1    1    8 52158.111486 47192.452991
 230    1    1   10 53498.907004 47844.045006
 230    1    1   16 45591.934042 40441.262670
 230    1    1   17 46145.611712 41037.717392
 230    1    1   18 43107.456289 37971.978015
 230    1    1   20 45768.340189 40768.888077
 230   -1    1    1 44372.525949 40061.985846
 230   -1    1    2 51644.113070 46212.346443
 230   -1    1    5 56041.971060 50308.365427
 230   -1    1    9 54177.962235 48742.354864
 230   -1    1   11 52771.534962 47411.009493
 230   -1    1   12 58879.550763 53118.523907
 230   -1    1   13 59610.004675 53611.185476
 230   -1    1   14 58455.785938 52593.511930
 230   -1    1   15 52284.419308 46586.235511
 230   -1    1   19 45333.590207 40220.637978
 230    1    2   23 50925.968591 45589.024234
 230    1    2   25 49899.000348 44595.278387
 230    1    2   27 42670.167011 37745.185828
 230    1    2   28 44131.941071 39426.687526
 230    1    2   32 43691.660915 38730.325543
 230    1    2   33 49093.133989 44231.133497
 230    1    2   36 49399.261791 44065.151916
 230    1    2   37 45963.547776 41159.968747
 230    1    2   39 45186.837969 40180.253387
 230    1    2   40 46720.995945 42189.875278
 230   -1    2   21 53349.327107 47926.865783
 230   -1    2   22 51151.869268 45897.139637
 230   -1    2   24 53279.433619 47822.338574
 230   -1    2   26 49373.068479 44163.074465
 230   -1    2   29 48084.887150 43456.106507
 230   -1    2   30 47639.014910 42667.255755
 230   -1    2   31 50034.779902 44800.338868
 230   -1    2   34 44636.443083 40084.914120
 230   -1    2   35 49499.488053 44575.611787
 230   -1    2   38 48460.668326 43520.202199
