          ID           CS    Hemiblock        trial          AUC   AUC_500lag
 302    1    1    5 70127.795711 64882.429005
 302    1    1    6 70322.819206 64921.934370
 302    1    1    7 68941.770497 63808.169335
 302    1    1    9 68895.698793 64436.662226
 302    1    1   10 68693.419349 63407.139204
 302    1    1   12 69075.097459 63626.075557
 302    1    1   13 68635.275679 63316.003049
 302    1    1   14 69886.154818 64708.311954
 302    1    1   17 69965.674197 65201.728791
 302    1    1   20 66481.841863 61110.025359
 302   -1    1    1 67211.723611 61925.853400
 302   -1    1    2 70515.299211 65275.427383
 302   -1    1    3 67825.447772 62774.268802
 302   -1    1    4 65011.523348 60230.863838
 302   -1    1    8 67606.143076 62325.440647
 302   -1    1   11 70696.158929 65387.084401
 302   -1    1   15 65490.130920 60112.634535
 302   -1    1   16 66806.506785 61568.111477
 302   -1    1   18 66556.661400 61290.450962
 302   -1    1   19 67477.496315 62036.764753
 302    1    2   22 65078.431478 59954.211434
 302    1    2   23 66788.744818 61413.681316
 302    1    2   24 66964.751496 62068.582503
 302    1    2   26 65760.091236 61340.209464
 302    1    2   29 66435.966940 62272.900100
 302    1    2   31 68518.930004 63115.586732
 302    1    2   33 66595.146639 61382.819580
 302    1    2   34 68963.877663 63522.555911
 302    1    2   38 67987.614246 62777.595612
 302    1    2   40 62343.865191 57770.377671
 302   -1    2   21 65779.236112 60657.957502
 302   -1    2   25 64424.885780 59795.637010
 302   -1    2   27 65508.967527 60103.632280
 302   -1    2   28 63160.267524 58222.561872
 302   -1    2   30 66651.883205 61354.909868
 302   -1    2   32 65189.077143 60226.622382
 302   -1    2   35 65075.933205 59916.938338
 302   -1    2   36 68210.236009 63233.676968
 302   -1    2   37 65266.017617 60219.824942
 302   -1    2   39 65671.256626 60432.407394
 304    1    1    1 70453.709613 65141.453439
 304    1    1    2 72599.466135 66757.198039
 304    1    1    4 75220.576250 69462.818804
 304    1    1    5 72330.520740 66727.101620
 304    1    1    8 67234.674207 61716.191787
 304    1    1   12 64934.115405 59633.440867
 304    1    1   13 63884.909438 58780.185866
 304    1    1   15 68021.229771 62398.690206
 304    1    1   16 65623.684567 60286.013573
 304    1    1   20 70212.274244 64739.738133
 304   -1    1    3 71585.821025 65930.479086
 304   -1    1    6 68317.440281 62452.542260
 304   -1    1    7 69673.784515 64176.441016
 304   -1    1    9 65546.794168 59975.068876
 304   -1    1   10 64130.931934 59086.386553
 304   -1    1   11 65364.822603 60197.868569
 304   -1    1   14 65042.682302 59761.330085
 304   -1    1   17 63538.873196 58321.501323
 304   -1    1   18 62161.792277 57011.660723
 304   -1    1   19 66794.155050 61003.537947
 304    1    2   21 67231.879979 61602.170497
 304    1    2   23 71528.905109 66179.785598
 304    1    2   24 64940.841922 59477.544884
 304    1    2   26 66174.060192 60564.887289
 304    1    2   27 67470.711587 62094.622183
 304    1    2   28 68120.063931 62907.587237
 304    1    2   31 67994.960993 62650.018864
 304    1    2   32 68206.775292 63075.564177
 304    1    2   35 67180.020592 62320.367206
 304    1    2   38 69121.271653 63745.907468
 304   -1    2   22 64070.438827 58409.808968
 304   -1    2   25 61893.121390 56932.105455
 304   -1    2   29 69473.651206 63890.401766
 304   -1    2   30 67426.874632 62019.892610
 304   -1    2   33 63948.917343 58839.531676
 304   -1    2   34 66091.204233 60714.453124
 304   -1    2   36 73115.470081 68020.395141
 304   -1    2   37 65527.513540 59944.428013
 304   -1    2   39 68184.856584 62843.749954
 304   -1    2   40 65554.461122 60147.236394
 305    1    1    1 70306.041291 65997.096174
 305    1    1    3 70788.607468 65301.410328
 305    1    1    4 73689.886311 68285.445407
 305    1    1    6 68789.885066 63875.292431
 305    1    1    8 69314.340972 64023.446492
 305    1    1    9 69193.214710 63972.396836
 305    1    1   10 70083.081584 65203.970470
 305    1    1   16 65183.892240 60037.145435
 305    1    1   17 66205.903689 60774.239846
 305    1    1   18 69022.646928 63761.642224
 305   -1    1    2 73455.447881 67806.552023
 305   -1    1    5 73596.811735 68571.766092
 305   -1    1    7 71084.979353 65901.577165
 305   -1    1   11 71713.945748 66165.428196
 305   -1    1   12 70923.236572 66165.985472
 305   -1    1   13 71089.901572 65722.718825
 305   -1    1   14 68088.167632 63007.673974
 305   -1    1   15 66642.665695 61401.785381
 305   -1    1   19 68614.539596 63239.559160
 305   -1    1   20 63287.670347 58003.067380
 305    1    2   23 66120.655713 61090.955062
 305    1    2   26 64446.290830 59841.408461
 305    1    2   27 68444.804842 63619.577272
 305    1    2   29 57778.809420 53292.416150
 305    1    2   32 65790.204462 60747.983816
 305    1    2   33 70145.613789 65114.696569
 305    1    2   34 66495.269376 61187.154475
 305    1    2   36 64300.938355 59295.042767
 305    1    2   37 67336.086030 62150.891288
 305    1    2   38 64302.812476 59475.001678
 305   -1    2   21 62955.953358 57977.577481
 305   -1    2   22 65793.854372 61178.536910
 305   -1    2   24 66721.693051 61406.290409
 305   -1    2   25 69453.417856 64301.704451
 305   -1    2   28 67066.633779 62408.909690
 305   -1    2   30 68281.566121 63176.222953
 305   -1    2   31 66715.147874 61994.603369
 305   -1    2   35 66719.328482 61549.165691
 305   -1    2   39 60478.386572 55897.541675
 305   -1    2   40 66918.468276 62160.881350
 311    1    1    3 68271.597135 63360.055119
 311    1    1    4 69125.283667 64226.197787
 311    1    1    5 68655.104670 63308.322483
 311    1    1    7 70462.587468 65365.776567
 311    1    1    8 70663.370461 65403.540307
 311    1    1    9 70736.278029 65697.891651
 311    1    1   11 71493.294498 66126.137704
 311    1    1   14 65386.834403 60304.377100
 311    1    1   15 66640.346272 61254.369282
 311    1    1   17 67956.844035 63014.242008
 311   -1    1    1 67063.337876 62439.332292
 311   -1    1    2 69385.991432 64179.086000
 311   -1    1    6 71485.938890 66147.652001
 311   -1    1   10 68222.166466 62815.519474
 311   -1    1   12 69181.056237 63783.809735
 311   -1    1   13 70040.968226 64898.661883
 311   -1    1   16 66649.091275 61338.824763
 311   -1    1   18 68284.757087 63425.225467
 311   -1    1   19 65889.701174 60823.789991
 311   -1    1   20 66117.742037 61114.952233
 311    1    2   22 68801.878607 64372.312646
 311    1    2   24 71383.320016 66499.346344
 311    1    2   25 69591.801291 64343.773246
 311    1    2   26 68488.871757 63099.260747
 311    1    2   27 67167.909722 61965.363945
 311    1    2   30 68339.119863 63153.573035
 311    1    2   31 68509.913457 63307.471758
 311    1    2   32 67760.966551 63223.042894
 311    1    2   34 68036.106504 62772.072372
 311    1    2   37 69104.629049 63925.124119
 311   -1    2   21 67935.372068 62893.363572
 311   -1    2   23 66197.842168 61175.950331
 311   -1    2   28 67336.454540 61947.010806
 311   -1    2   29 67442.423236 62404.281061
 311   -1    2   33 66652.878708 61563.420860
 311   -1    2   35 65164.298647 59801.010121
 311   -1    2   36 66709.490677 61555.602722
 311   -1    2   38 65665.548502 60529.679191
 311   -1    2   39 67105.387665 61987.544687
 311   -1    2   40 66842.913085 61522.958786
 313    1    1    3 62810.344764 57484.598725
 313    1    1    4 64220.814728 59373.571125
 313    1    1    8 58767.675642 53557.904551
 313    1    1    9 65108.937456 60127.636592
 313    1    1   11 61232.600421 56184.556183
 313    1    1   13 59753.571470 55081.940359
 313    1    1   15 64177.636752 58714.263637
 313    1    1   16 68512.540406 62748.841171
 313    1    1   17 66402.919002 61877.170765
 313    1    1   20 68209.896199 63266.140458
 313   -1    1    1 76176.135466 70178.928737
 313   -1    1    2 73389.178473 67592.980763
 313   -1    1    5 69791.290325 64686.335673
 313   -1    1    6 68062.714436 62993.146526
 313   -1    1    7 61192.856558 56059.456181
 313   -1    1   10 69746.302593 64295.916753
 313   -1    1   12 69237.298190 64176.005058
 313   -1    1   14 68530.928746 63080.432557
 313   -1    1   18 66116.066386 61329.854846
 313   -1    1   19 67898.041363 62341.417659
 313    1    2   23 66623.484878 61305.329527
 313    1    2   24 63219.620761 58331.636193
 313    1    2   25 72059.800499 66575.715162
 313    1    2   28 62121.005482 57280.536080
 313    1    2   29 65199.870616 60822.681501
 313    1    2   31 67002.368952 62359.580316
 313    1    2   32 77388.465734 71394.107630
 313    1    2   33 77334.733556 72048.243970
 313    1    2   37 70914.476627 66082.382452
 313    1    2   40 67849.287547 62795.188399
 313   -1    2   21 68523.313787 63197.565118
 313   -1    2   22 68541.437433 63136.033281
 313   -1    2   26 72738.055779 67439.022679
 313   -1    2   27 72505.993258 67277.867597
 313   -1    2   30 70295.108387 65146.254757
 313   -1    2   34 77633.206459 71929.710775
 313   -1    2   35 76968.602054 71848.251688
 313   -1    2   36 72488.095343 66709.626022
 313   -1    2   38 77360.595657 71397.012398
 313   -1    2   39 66917.334128 62267.076749
 316    1    1    4 72186.568139 66858.728427
 316    1    1    5 75903.316122 70130.185756
 316    1    1    6 74126.873052 68392.773375
 316    1    1    7 71695.348409 65798.499834
 316    1    1    8 73373.462905 67941.916896
 316    1    1   10 71511.976317 65745.975579
 316    1    1   15 65726.185611 60857.778045
 316    1    1   18 64342.689876 59594.966607
 316    1    1   19 61617.775191 57057.939431
 316    1    1   20 66503.035934 62013.547378
 316   -1    1    1 76788.933183 70798.663080
 316   -1    1    2 77387.314117 71423.771726
 316   -1    1    3 73917.873654 68161.185199
 316   -1    1    9 71270.004126 65580.312181
 316   -1    1   11 73895.142519 68692.345925
 316   -1    1   12 66743.763763 61391.131322
 316   -1    1   13 68317.139367 63177.392675
 316   -1    1   14 67792.415592 62659.220063
 316   -1    1   16 65893.008964 60837.112180
 316   -1    1   17 68389.692736 63038.414034
 316    1    2   21 61866.327790 57062.464886
 316    1    2   22 60589.932351 56030.341833
 316    1    2   24 65905.966938 60642.656812
 316    1    2   30 63556.953146 58798.948140
 316    1    2   31 60380.025530 55452.998874
 316    1    2   32 57515.786283 53162.779461
 316    1    2   33 61368.927623 57138.372331
 316    1    2   34 66339.969774 61566.124584
 316    1    2   37 57977.614095 53726.001992
 316    1    2   39 67963.335857 62981.711300
 316   -1    2   23 67333.915986 61990.321390
 316   -1    2   25 61519.037131 56364.047736
 316   -1    2   26 61823.522970 57237.436198
 316   -1    2   27 65138.722400 60089.243837
 316   -1    2   28 58461.500095 54046.059250
 316   -1    2   29 62092.389424 57686.085876
 316   -1    2   35 71759.007033 66530.686863
 316   -1    2   36 59688.046274 55266.424484
 316   -1    2   38 62614.514425 57398.614919
 316   -1    2   40 58652.714647 54309.617332
 320    1    1    1 65725.177820 61075.851389
 320    1    1    2 66726.279286 61631.267164
 320    1    1    5 71516.350585 66387.914974
 320    1    1    8 64998.601038 59915.977358
 320    1    1   11 66193.547715 61035.170146
 320    1    1   14 62177.034492 57190.806001
 320    1    1   16 65189.204125 60038.796990
 320    1    1   17 69926.409622 64490.513773
 320    1    1   19 66914.984360 61614.905501
 320    1    1   20 67177.658104 62237.219778
 320   -1    1    3 63926.905553 58834.119922
 320   -1    1    4 67837.346261 62454.086722
 320   -1    1    6 65237.073881 60178.285634
 320   -1    1    7 67521.930020 62188.428200
 320   -1    1    9 64494.409249 59033.749392
 320   -1    1   10 62449.160845 57290.771174
 320   -1    1   12 66986.536987 61592.610376
 320   -1    1   13 63999.874878 58680.070339
 320   -1    1   15 67740.175356 62667.224937
 320   -1    1   18 69901.524290 64434.387428
 320    1    2   23 68502.840324 63043.876666
 320    1    2   24 68191.086467 62663.855103
 320    1    2   25 68458.566865 63344.844601
 320    1    2   26 67949.554260 62641.524878
 320    1    2   27 68183.389640 62833.633660
 320    1    2   29 67623.705832 62332.368534
 320    1    2   32 69254.365520 63859.861406
 320    1    2   33 69045.505638 63402.176544
 320    1    2   36 62175.588246 57035.695382
 320    1    2   38 65394.795186 60045.816715
 320   -1    2   21 68713.943661 63155.764940
 320   -1    2   22 64711.897227 59308.786441
 320   -1    2   28 66685.365183 61414.200531
 320   -1    2   30 70065.535089 64784.543715
 320   -1    2   31 72204.102409 66839.390787
 320   -1    2   34 68056.758626 63286.912891
 320   -1    2   35 65693.700385 60240.209855
 320   -1    2   37 66739.579861 61448.049953
 320   -1    2   39 64437.867714 58947.002045
 320   -1    2   40 66740.358838 61499.162901
 323    1    1    3 69461.859857 63816.776624
 323    1    1    6 75985.987366 70712.470669
 323    1    1    7 73936.330342 68150.117990
 323    1    1    8 70932.487160 65521.149689
 323    1    1    9 72045.505319 66849.755288
 323    1    1   10 64528.171089 59405.828036
 323    1    1   12 66031.268887 60730.570645
 323    1    1   14 65076.748439 59569.876014
 323    1    1   15 70317.035808 64939.228804
 323    1    1   16 67611.716513 62318.407334
 323   -1    1    1 73872.495711 67917.319605
 323   -1    1    2 71510.993422 66024.312430
 323   -1    1    4 73170.776640 67594.668849
 323   -1    1    5 70125.505901 64449.945169
 323   -1    1   11 66287.528141 61480.575323
 323   -1    1   13 68808.916034 63416.658443
 323   -1    1   17 70058.793041 64884.839333
 323   -1    1   18 70420.719686 65068.014202
 323   -1    1   19 72842.021794 67236.528332
 323   -1    1   20 68715.284500 63455.878511
 323    1    2   21 65937.489261 60625.704632
 323    1    2   24 65138.865099 60248.024066
 323    1    2   26 58737.962456 53930.680546
 323    1    2   27 62468.559783 57408.112428
 323    1    2   30 63847.332261 58771.623407
 323    1    2   33 68210.314356 62718.655020
 323    1    2   37 60234.070159 55401.356371
 323    1    2   38 65510.774273 60549.258649
 323    1    2   39 63722.609600 58498.605359
 323    1    2   40 62550.584709 57555.841778
 323   -1    2   22 70577.210293 65510.353627
 323   -1    2   23 74605.965526 69364.279725
 323   -1    2   25 70284.657388 65297.190297
 323   -1    2   28 62758.647022 57661.573033
 323   -1    2   29 68006.089154 62503.256805
 323   -1    2   31 70954.349708 65723.324171
 323   -1    2   32 64890.065818 59977.028648
 323   -1    2   34 62486.608758 57248.415603
 323   -1    2   35 65561.334348 60723.149401
 323   -1    2   36 62978.012395 57556.873327
 324    1    1    2 71184.612065 65741.354214
 324    1    1    3 69834.778491 65078.058225
 324    1    1    4 67504.943548 62259.979689
 324    1    1    5 75069.454668 69690.086251
 324    1    1    6 71762.363197 66147.533233
 324    1    1    7 73604.235558 68247.384250
 324    1    1   13 74045.717306 68621.821223
 324    1    1   15 71064.440312 65772.340614
 324    1    1   16 68369.795402 63181.897489
 324    1    1   17 72404.920904 67218.595980
 324   -1    1    1 67299.153749 61887.835113
 324   -1    1    8 73361.642752 67775.254814
 324   -1    1    9 66685.146873 61228.246063
 324   -1    1   10 69164.568959 63640.224421
 324   -1    1   11 68190.219202 62619.467372
 324   -1    1   12 66443.058913 61972.958074
 324   -1    1   14 70462.840948 64962.046233
 324   -1    1   18 68057.580072 62584.938334
 324   -1    1   19 66208.777601 61514.785195
 324   -1    1   20 65848.610643 60595.984238
 324    1    2   22 69142.048186 64157.679548
 324    1    2   23 67894.807890 62398.145561
 324    1    2   24 68152.217575 62889.221080
 324    1    2   26 70809.564229 65944.304669
 324    1    2   27 65744.134246 60450.944629
 324    1    2   29 70610.305038 65628.500156
 324    1    2   34 64078.367254 59019.544060
 324    1    2   35 69108.163650 63824.084552
 324    1    2   36 65403.363254 60259.755489
 324    1    2   38 60214.357071 55724.541113
 324   -1    2   21 65474.582329 60186.045100
 324   -1    2   25 65649.610377 59886.540657
 324   -1    2   28 66449.879039 61415.605152
 324   -1    2   30 64990.366620 60266.024059
 324   -1    2   31 72898.321644 67239.168127
 324   -1    2   32 69530.395281 63902.045139
 324   -1    2   33 63941.865497 58531.567821
 324   -1    2   37 63148.468339 57919.466427
 324   -1    2   39 60790.063843 55753.173047
 324   -1    2   40 66727.226222 61552.191225
 329    1    1    1 61850.700340 57805.062863
 329    1    1    3 66489.316662 61488.927192
 329    1    1    4 68342.428815 63106.682751
 329    1    1    5 71778.607363 66251.518705
 329    1    1    6 74315.138309 69183.810265
 329    1    1    8 68944.610732 63533.245575
 329    1    1   11 65610.604539 60901.074770
 329    1    1   13 66894.495144 61951.071844
 329    1    1   14 67522.661480 62576.890249
 329    1    1   17 67165.863041 62261.585010
 329   -1    1    2 72846.793090 67518.639900
 329   -1    1    7 71167.859258 65676.177111
 329   -1    1    9 70752.389984 65562.379386
 329   -1    1   10 69537.322564 64362.205433
 329   -1    1   12 69096.109059 63923.931455
 329   -1    1   15 68278.198963 63006.739181
 329   -1    1   16 72584.432448 67040.018384
 329   -1    1   18 69473.455616 64415.815486
 329   -1    1   19 65368.683490 60188.770915
 329   -1    1   20 68294.580253 62985.399834
 329    1    2   22 66160.975189 61145.314929
 329    1    2   23 65493.029053 60224.920327
 329    1    2   24 65198.577130 60260.383556
 329    1    2   25 67990.657757 62638.180615
 329    1    2   27 68022.878686 63131.994224
 329    1    2   30 62427.261520 57868.499107
 329    1    2   31 68015.556891 62633.246184
 329    1    2   36 66355.911862 60947.893739
 329    1    2   38 68407.283220 63404.752655
 329    1    2   39 70435.460765 65319.175676
 329   -1    2   21 65743.633475 60787.252143
 329   -1    2   26 64118.926645 58855.907453
 329   -1    2   28 60854.045668 55536.605312
 329   -1    2   29 63732.885901 58469.042925
 329   -1    2   32 67668.199044 62234.370081
 329   -1    2   33 71766.976845 66115.387821
 329   -1    2   34 66907.864293 61677.283503
 329   -1    2   35 68076.226211 63324.437918
 329   -1    2   37 68260.380201 62795.475788
 329   -1    2   40 68920.353875 63726.691328
 337    1    1    1 58626.677880 54624.201269
 337    1    1    2 62839.827926 58051.212459
 337    1    1    3 63065.112994 58322.584777
 337    1    1    6 65204.610297 60384.392923
 337    1    1    7 67417.260424 62301.922003
 337    1    1    8 66667.206280 61582.323996
 337    1    1    9 67839.277699 62877.233925
 337    1    1   12 69723.036602 64314.290052
 337    1    1   13 69374.008069 63966.797148
 337    1    1   15 68354.110979 63231.664728
 337   -1    1    4 68350.257454 63296.412604
 337   -1    1    5 66513.980923 61614.886966
 337   -1    1   10 66124.730236 60991.125124
 337   -1    1   11 69484.615352 64349.414375
 337   -1    1   14 70212.620592 64746.129567
 337   -1    1   16 71148.324694 65838.519506
 337   -1    1   17 75782.678144 70350.684635
 337   -1    1   18 64566.748673 59133.915888
 337   -1    1   19 70349.947098 64754.407565
 337   -1    1   20 77434.974846 71835.545909
 337    1    2   21 69412.048351 63914.097559
 337    1    2   22 71391.941167 65958.258334
 337    1    2   25 73028.682507 67562.540402
 337    1    2   28 69556.789435 64261.964724
 337    1    2   29 61687.137440 56480.432008
 337    1    2   30 76139.668114 70824.677461
 337    1    2   32 70859.102697 65457.262337
 337    1    2   34 70144.065388 64746.799814
 337    1    2   36 72186.844453 66699.340096
 337    1    2   38 72499.797844 67366.542619
 337   -1    2   23 74375.944962 68926.241783
 337   -1    2   24 77095.702743 71695.660819
 337   -1    2   26 74032.615632 68285.131328
 337   -1    2   27 70109.918884 64648.344722
 337   -1    2   31 73127.754021 67794.067156
 337   -1    2   33 76062.710881 70532.177260
 337   -1    2   35 72683.134761 67176.794191
 337   -1    2   37 74588.274008 69200.527630
 337   -1    2   39 72434.943801 66990.264312
 337   -1    2   40 68657.253543 63117.433965
 341    1    1    1 60697.268301 56579.716047
 341    1    1    3 62205.535592 57147.272403
 341    1    1    5 65188.327488 60530.290323
 341    1    1    6 67933.792581 62799.174661
 341    1    1    9 63714.985226 59004.425785
 341    1    1   10 71382.717160 66065.595781
 341    1    1   14 72969.432569 67915.429140
 341    1    1   15 73844.808127 68965.082624
 341    1    1   18 67267.174012 62549.215836
 341    1    1   20 67153.672185 62364.765855
 341   -1    1    2 63275.477560 58022.930592
 341   -1    1    4 64662.283075 59368.405889
 341   -1    1    7 70041.802875 64784.560539
 341   -1    1    8 70061.857770 64625.235571
 341   -1    1   11 69257.649472 63800.579078
 341   -1    1   12 71888.290238 66371.701396
 341   -1    1   13 72272.008427 66955.889018
 341   -1    1   16 71167.931903 65772.727675
 341   -1    1   17 69671.287224 64804.946983
 341   -1    1   19 69977.757358 64309.359445
 341    1    2   21 70419.845857 65052.582400
 341    1    2   25 68668.249797 63637.842688
 341    1    2   26 70595.430500 65268.699845
 341    1    2   28 64983.621687 59645.696373
 341    1    2   30 67466.593810 62540.420980
 341    1    2   32 65629.310083 61019.957376
 341    1    2   33 63846.018796 58837.201109
 341    1    2   34 68388.755117 63497.358387
 341    1    2   36 69200.024629 63783.027912
 341    1    2   40 64835.446045 59898.874012
 341   -1    2   22 66566.158789 61459.419705
 341   -1    2   23 70182.082292 65296.843240
 341   -1    2   24 63141.559053 58324.007297
 341   -1    2   27 73149.242064 67531.319719
 341   -1    2   29 67312.370495 62355.295107
 341   -1    2   31 67724.055578 62407.142310
 341   -1    2   35 67806.278313 62334.236571
 341   -1    2   37 75494.574194 69916.779782
 341   -1    2   38 67319.291820 62587.096032
 341   -1    2   39 63522.384785 58636.682752
 342    1    1    1 68804.916606 63330.128151
 342    1    1    3 74820.566856 69035.946153
 342    1    1    4 77652.670434 71775.097939
 342    1    1    5 73117.877197 67465.910946
 342    1    1    7 67045.789437 61569.402644
 342    1    1   10 72447.696867 67097.596186
 342    1    1   13 64971.394371 60174.502338
 342    1    1   15 70010.854013 64410.894029
 342    1    1   16 71589.404454 66123.880879
 342    1    1   19 67136.104543 61893.743875
 342   -1    1    2 71426.735319 65847.251771
 342   -1    1    6 74497.330068 68609.387036
 342   -1    1    8 72482.630051 66863.996868
 342   -1    1    9 74806.418979 69216.616261
 342   -1    1   11 69897.539165 64498.783590
 342   -1    1   12 64599.647713 59403.999792
 342   -1    1   14 73569.365787 67848.778969
 342   -1    1   17 73340.168912 67546.973375
 342   -1    1   18 68709.994600 63176.974884
 342   -1    1   20 68658.825258 63245.834932
 342    1    2   22 64064.225647 59012.514694
 342    1    2   23 61134.798440 56214.678171
 342    1    2   24 66534.064355 61512.148791
 342    1    2   26 64807.283230 59711.609140
 342    1    2   28 62313.338150 56927.998640
 342    1    2   29 62364.369924 57924.245142
 342    1    2   30 63541.349323 58864.157085
 342    1    2   32 66814.293767 61480.001471
 342    1    2   35 63764.773507 58521.253328
 342    1    2   40 62588.499084 57367.998694
 342   -1    2   21 67298.368032 62292.931397
 342   -1    2   25 64891.691959 59206.180237
 342   -1    2   27 67029.236112 61851.212008
 342   -1    2   31 58790.817609 53762.276512
 342   -1    2   33 70679.459756 65143.723269
 342   -1    2   34 70221.282596 64947.021034
 342   -1    2   36 71142.256994 65945.745675
 342   -1    2   37 62619.098866 57236.367675
 342   -1    2   38 68240.236350 63006.676652
 342   -1    2   39 70828.627736 65787.607589
 344    1    1    1 67303.612264 62300.843116
 344    1    1    7 68212.167433 63167.124228
 344    1    1    8 66871.955241 61575.094173
 344    1    1   11 62176.236913 57251.734730
 344    1    1   12 66093.488974 61174.214652
 344    1    1   13 68045.216258 62833.674549
 344    1    1   15 69536.172190 64375.520044
 344    1    1   17 69896.085278 64494.775039
 344    1    1   18 64865.055711 59361.150093
 344    1    1   20 73000.222669 67617.387518
 344   -1    1    2 69301.709252 63730.692266
 344   -1    1    3 67453.850818 62018.527960
 344   -1    1    4 64904.032945 59492.223184
 344   -1    1    5 65240.294643 60121.960137
 344   -1    1    6 62881.059033 57309.532957
 344   -1    1    9 64803.164491 59366.367048
 344   -1    1   10 67722.084465 61795.047021
 344   -1    1   14 68626.955994 62705.882867
 344   -1    1   16 71871.177182 65921.588283
 344   -1    1   19 71573.778331 66184.702874
 344    1    2   24 70632.138495 65374.001037
 344    1    2   26 66982.364042 61982.055517
 344    1    2   27 67835.633995 62419.507705
 344    1    2   28 67544.363808 62159.708772
 344    1    2   31 72354.906807 66506.765001
 344    1    2   32 71875.668325 66309.074855
 344    1    2   33 73365.787006 67911.998154
 344    1    2   36 69404.806734 64087.246081
 344    1    2   39 69291.693404 63532.109532
 344    1    2   40 70250.038066 64914.268102
 344   -1    2   21 68033.453033 62384.994194
 344   -1    2   22 69215.462932 63803.479383
 344   -1    2   23 62768.806313 57222.354473
 344   -1    2   25 70112.714881 64261.625561
 344   -1    2   29 59344.475070 54392.315600
 344   -1    2   30 63038.566160 58445.895453
 344   -1    2   34 70830.330376 65135.869470
 344   -1    2   35 70022.003769 64715.076723
 344   -1    2   37 66061.942331 61220.758260
 344   -1    2   38 68583.156013 63188.683316
 345    1    1    1 66529.841040 61835.315032
 345    1    1    3 65807.529407 60174.542947
 345    1    1    5 71624.375912 66234.466969
 345    1    1    7 68571.980256 63475.674514
 345    1    1    8 71404.532517 65980.557507
 345    1    1   12 67027.027346 62086.279656
 345    1    1   13 61591.918071 56734.370082
 345    1    1   14 67498.408383 62003.757352
 345    1    1   15 69678.094611 64632.540825
 345    1    1   20 69432.847761 64216.154616
 345   -1    1    2 68597.729115 62914.459912
 345   -1    1    4 71394.753939 65947.215880
 345   -1    1    6 76227.700533 71030.738487
 345   -1    1    9 72145.494033 66650.511676
 345   -1    1   10 68747.532641 64481.545490
 345   -1    1   11 65269.440826 60430.328530
 345   -1    1   16 72561.135325 67102.028139
 345   -1    1   17 72956.505601 67994.072511
 345   -1    1   18 68518.581892 63214.583250
 345   -1    1   19 68724.766054 63860.217929
 345    1    2   21 69654.153613 64172.195568
 345    1    2   25 66008.322067 60972.102869
 345    1    2   26 66653.095295 61519.161555
 345    1    2   27 66718.307392 61316.487122
 345    1    2   29 64231.960941 59374.693276
 345    1    2   30 68965.988639 63631.832833
 345    1    2   32 62949.015306 58950.827579
 345    1    2   33 67706.837137 62514.970076
 345    1    2   37 65286.693234 60264.347727
 345    1    2   39 63086.244340 57950.438893
 345   -1    2   22 67941.390823 63040.299767
 345   -1    2   23 67088.806623 62177.562168
 345   -1    2   24 72053.884469 66710.265194
 345   -1    2   28 68051.443482 63511.343468
 345   -1    2   31 65317.991851 59991.866363
 345   -1    2   34 70310.436719 65112.648495
 345   -1    2   35 67121.449954 61890.002269
 345   -1    2   36 68030.687608 63350.241519
 345   -1    2   38 66070.650088 61541.857395
 345   -1    2   40 61028.672314 56614.076598
 347    1    1    3 68270.369116 63024.942425
 347    1    1    4 70344.817312 64898.401735
 347    1    1    7 68065.757783 62791.887006
 347    1    1    9 66549.164504 61150.504689
 347    1    1   10 68473.989946 63153.113461
 347    1    1   11 65408.293113 59930.221933
 347    1    1   12 68409.003321 63271.986938
 347    1    1   15 72131.981892 66458.764231
 347    1    1   17 71411.101768 66154.518986
 347    1    1   18 71033.922163 65650.012682
 347   -1    1    1 74716.875283 69043.732769
 347   -1    1    2 66983.116459 61438.052659
 347   -1    1    5 72116.327963 66902.152449
 347   -1    1    6 70135.600818 64819.535829
 347   -1    1    8 65939.446980 60467.928785
 347   -1    1   13 67957.946802 62908.003578
 347   -1    1   14 68239.152395 62693.076728
 347   -1    1   16 71153.223885 65510.239174
 347   -1    1   19 69502.196722 63997.578011
 347   -1    1   20 70654.433063 65014.322010
 347    1    2   23 68035.377446 62498.979577
 347    1    2   24 65597.451502 60793.186602
 347    1    2   27 67288.547140 62467.412362
 347    1    2   28 59615.786470 54204.516608
 347    1    2   30 67801.752354 62501.809750
 347    1    2   32 62180.018393 57247.642134
 347    1    2   33 70265.850727 65244.787376
 347    1    2   37 57485.949743 52608.870377
 347    1    2   38 64287.428640 59227.940736
 347    1    2   40 60191.524709 55407.462076
 347   -1    2   21 72077.246797 66676.369024
 347   -1    2   22 71635.459704 66470.761903
 347   -1    2   25 67008.562088 61880.319887
 347   -1    2   26 68637.808433 63513.395459
 347   -1    2   29 67905.930303 62912.023589
 347   -1    2   31 69740.444684 64640.692804
 347   -1    2   34 67798.361474 62386.328114
 347   -1    2   35 68404.118952 63096.257476
 347   -1    2   36 66079.538118 60779.984141
 347   -1    2   39 62216.308851 56749.583962
 348    1    1    2 77859.144286 72334.140155
 348    1    1    3 77179.240820 71337.649222
 348    1    1    7 71240.834420 65816.555894
 348    1    1   10 71487.287730 65841.267842
 348    1    1   11 77679.522762 72210.304858
 348    1    1   13 71305.464715 65886.605348
 348    1    1   14 65505.558910 60131.111838
 348    1    1   15 71200.026859 65740.569477
 348    1    1   17 66362.012030 60858.954593
 348    1    1   18 62053.264063 56965.300536
 348   -1    1    1 79263.960492 73986.524362
 348   -1    1    4 75059.166108 69348.634469
 348   -1    1    5 75372.947655 69692.812143
 348   -1    1    6 72869.959125 67230.676453
 348   -1    1    8 72896.688124 67649.526060
 348   -1    1    9 68747.172670 63117.682217
 348   -1    1   12 72268.998262 66617.154531
 348   -1    1   16 70412.850854 64992.560448
 348   -1    1   19 63954.595873 58918.058485
 348   -1    1   20 70942.720195 65479.132803
 348    1    2   21 66033.517040 61120.873611
 348    1    2   22 70436.718954 64707.480457
 348    1    2   23 69344.713568 64043.487279
 348    1    2   26 62638.708478 57597.965350
 348    1    2   32 57038.901476 52061.856313
 348    1    2   34 65071.132250 60153.872590
 348    1    2   36 57695.029066 52726.984480
 348    1    2   37 66365.587635 61433.415392
 348    1    2   39 66339.751322 60974.611673
 348    1    2   40 64930.176237 59837.121520
 348   -1    2   24 61700.469922 56633.590258
 348   -1    2   25 66946.947153 62112.981367
 348   -1    2   27 59275.796659 54416.952321
 348   -1    2   28 62306.566104 57291.125847
 348   -1    2   29 63829.399579 59186.536801
 348   -1    2   30 65307.180159 60194.433681
 348   -1    2   31 66443.375535 61263.104016
 348   -1    2   33 68045.963701 63134.937359
 348   -1    2   35 67243.472336 62039.102576
 348   -1    2   38 71644.198581 66300.289099
 352    1    1    1 65185.360703 60536.727213
 352    1    1    2 65774.743011 60786.705029
 352    1    1    3 62284.151891 57210.824295
 352    1    1    5 67149.829047 62259.409443
 352    1    1    6 65088.764611 60117.547528
 352    1    1    7 70836.288086 65563.931774
 352    1    1   11 71664.301673 66344.365848
 352    1    1   14 67531.847976 62405.464335
 352    1    1   19 67197.666412 62065.276607
 352    1    1   20 66814.136087 61385.093151
 352   -1    1    4 61506.682149 56678.341422
 352   -1    1    8 69969.440276 64687.452146
 352   -1    1    9 67724.307517 62340.686071
 352   -1    1   10 65789.783477 60554.162807
 352   -1    1   12 66605.730282 61249.103899
 352   -1    1   13 64432.271933 59137.170609
 352   -1    1   15 67520.242598 62679.492719
 352   -1    1   16 67841.243875 62600.499855
 352   -1    1   17 67960.962786 62795.989091
 352   -1    1   18 61712.441635 56212.866319
 352    1    2   22 68221.633913 63059.904900
 352    1    2   24 65209.463113 59846.816025
 352    1    2   25 66398.112644 61154.857905
 352    1    2   26 67778.423732 62500.056637
 352    1    2   32 68142.257267 63097.067247
 352    1    2   33 68436.565496 62905.201120
 352    1    2   34 69391.191944 64093.325185
 352    1    2   35 69925.500831 64592.920503
 352    1    2   38 62940.294367 57844.596421
 352    1    2   39 69611.748246 64071.976735
 352   -1    2   21 66882.698024 61780.138968
 352   -1    2   23 66927.744630 61705.254567
 352   -1    2   27 68616.525211 63437.307178
 352   -1    2   28 66523.131024 61011.404895
 352   -1    2   29 69879.063320 64621.754440
 352   -1    2   30 68794.916113 63518.988775
 352   -1    2   31 64750.729912 59411.874355
 352   -1    2   36 62677.864763 57377.445524
 352   -1    2   37 66796.385552 61648.472491
 352   -1    2   40 64134.482480 59058.164738
 357    1    1    1 73086.093916 67451.503332
 357    1    1    2 69533.328756 63738.437639
 357    1    1    6 65342.362533 60659.197616
 357    1    1    8 72352.252559 67857.859010
 357    1    1   10 60344.442987 56034.390464
 357    1    1   11 61967.159791 56954.426035
 357    1    1   16 62066.199009 57582.466285
 357    1    1   17 69910.217075 64686.855330
 357    1    1   18 71956.335356 66412.150434
 357    1    1   20 65553.403109 60282.586550
 357   -1    1    3 68911.458582 63274.154960
 357   -1    1    4 73665.201484 68092.524544
 357   -1    1    5 70018.151129 64955.534541
 357   -1    1    7 67893.632643 62602.011371
 357   -1    1    9 63228.280754 57917.225466
 357   -1    1   12 68060.521024 63328.286771
 357   -1    1   13 71534.701541 65721.223193
 357   -1    1   14 69650.641222 64509.532575
 357   -1    1   15 63611.791790 58730.771960
 357   -1    1   19 71558.045747 66624.019851
 357    1    2   23 74643.922020 69185.130738
 357    1    2   25 76797.112157 70953.805739
 357    1    2   26 69794.784642 64619.407955
 357    1    2   30 62109.702775 57132.146763
 357    1    2   31 58196.025741 53632.077909
 357    1    2   32 66591.362149 61493.453808
 357    1    2   34 72079.968184 66698.012212
 357    1    2   36 64377.004448 58733.210183
 357    1    2   38 72997.197672 68095.345206
 357    1    2   40 69266.131483 64569.963973
 357   -1    2   21 59816.424643 54569.978131
 357   -1    2   22 72577.019228 67725.354436
 357   -1    2   24 72618.365688 66772.334184
 357   -1    2   27 63417.601654 58637.270923
 357   -1    2   28 56861.876098 52198.315970
 357   -1    2   29 59427.324068 55112.321811
 357   -1    2   33 61099.285654 56958.792059
 357   -1    2   35 66847.656674 61644.880251
 357   -1    2   37 64185.088126 59317.166131
 357   -1    2   39 61122.303067 56130.546252
