          ID           CS    Hemiblock        trial          AUC   AUC_500lag
 306    1    1    1 71560.349463 66087.476224
 306    1    1    6 69636.268077 64178.692782
 306    1    1    7 71989.677023 66491.159760
 306    1    1    8 75587.897633 69913.697056
 306    1    1    9 71779.662128 66261.030123
 306    1    1   10 69292.800728 64041.041373
 306    1    1   12 66718.888497 62097.552199
 306    1    1   14 64127.510295 59589.659716
 306    1    1   17 67133.944224 62049.919405
 306    1    1   18 63955.140322 59439.844240
 306   -1    1    2 70377.281510 64607.854743
 306   -1    1    3 72365.103082 67030.974703
 306   -1    1    4 76931.334203 71267.788206
 306   -1    1    5 70765.981269 65725.797224
 306   -1    1   11 64008.938156 58677.758546
 306   -1    1   13 58851.429278 53577.262431
 306   -1    1   15 63921.370139 58777.662839
 306   -1    1   16 55805.544545 51387.156855
 306   -1    1   19 72729.600202 67785.342561
 306   -1    1   20 70948.020295 65716.972196
 306    1    2   21 75860.285720 70400.178835
 306    1    2   23 63137.875353 58130.295350
 306    1    2   24 64123.861987 59424.622372
 306    1    2   25 62785.435105 57832.248670
 306    1    2   29 69488.786811 64500.714759
 306    1    2   31 65794.380512 60400.487744
 306    1    2   36 73974.756241 68599.538814
 306    1    2   37 67519.276475 62204.683183
 306    1    2   38 68110.148520 63214.498600
 306    1    2   39 76621.753675 70965.877734
 306   -1    2   22 62561.533425 57679.766000
 306   -1    2   26 56094.233504 51745.801633
 306   -1    2   27 73550.328479 68236.495382
 306   -1    2   28 69440.076143 64110.540746
 306   -1    2   30 63615.740018 59200.786753
 306   -1    2   32 66378.964518 61123.777025
 306   -1    2   33 65433.439787 60048.196910
 306   -1    2   34 63033.888670 57912.618220
 306   -1    2   35 65297.654003 60197.557381
 306   -1    2   40 74223.287547 68736.400548
 307    1    1    2 63891.807488 59157.686190
 307    1    1    3 68270.454711 63520.680420
 307    1    1    4 66262.983737 61292.013423
 307    1    1    5 70563.368543 65617.908438
 307    1    1    9 73404.773961 67882.746146
 307    1    1   10 74883.337675 69283.201986
 307    1    1   12 71877.520092 66799.096859
 307    1    1   18 59306.021146 54354.158384
 307    1    1   19 60990.717379 56038.067972
 307    1    1   20 66806.957422 62306.106287
 307   -1    1    1 62625.131894 57783.429523
 307   -1    1    6 72442.415459 67303.474463
 307   -1    1    7 71628.383923 66550.179655
 307   -1    1    8 76364.428659 70984.223801
 307   -1    1   11 72268.847813 66959.247859
 307   -1    1   13 74872.348197 69240.042384
 307   -1    1   14 69801.806962 64651.303394
 307   -1    1   15 71203.126857 65974.723056
 307   -1    1   16 64345.916542 59171.745871
 307   -1    1   17 68988.605472 64095.477447
 307    1    2   22 69033.735430 64374.322633
 307    1    2   25 71527.962529 66164.147280
 307    1    2   28 64153.966944 59191.072702
 307    1    2   29 66352.614115 61714.253916
 307    1    2   31 65826.612581 60665.195684
 307    1    2   35 68028.263752 63177.337701
 307    1    2   37 58471.295899 53705.795132
 307    1    2   38 62704.362511 58064.103898
 307    1    2   39 63967.526761 59091.383173
 307    1    2   40 62494.399416 57920.603699
 307   -1    2   21 60247.893061 55774.606812
 307   -1    2   23 70055.097710 64540.940851
 307   -1    2   24 70773.605786 65388.344929
 307   -1    2   26 66523.654409 61591.486065
 307   -1    2   27 68618.695491 63438.804169
 307   -1    2   30 70109.270444 64938.256001
 307   -1    2   32 69012.577358 64177.563943
 307   -1    2   33 60098.960124 55829.474495
 307   -1    2   34 58811.883396 54428.323744
 307   -1    2   36 65528.885226 60595.038840
 309    1    1    1 65604.284879 60679.390552
 309    1    1    2 66263.973798 61254.680141
 309    1    1    4 68804.199436 63642.909223
 309    1    1    5 69764.309316 64749.433804
 309    1    1    6 70387.993328 65070.643950
 309    1    1    8 74002.285807 68584.926584
 309    1    1    9 72680.442340 67398.485760
 309    1    1   10 72460.289362 67086.533853
 309    1    1   11 72455.227898 67208.426407
 309    1    1   16 67979.659047 62738.664269
 309   -1    1    3 69441.238987 64454.417456
 309   -1    1    7 74859.824247 69311.368231
 309   -1    1   12 70661.238787 65425.966347
 309   -1    1   13 71551.203005 66241.203896
 309   -1    1   14 71421.269461 65924.704072
 309   -1    1   15 73986.350295 68501.873435
 309   -1    1   17 67140.624887 62095.712784
 309   -1    1   18 73773.970716 68175.392037
 309   -1    1   19 69142.191025 63583.998795
 309   -1    1   20 70260.658069 65025.900059
 309    1    2   23 63664.963772 58762.616512
 309    1    2   26 67696.156161 62823.452886
 309    1    2   27 66674.273190 61484.768534
 309    1    2   28 67983.239285 62709.817734
 309    1    2   31 61421.115531 56360.379334
 309    1    2   33 61766.932889 56618.441241
 309    1    2   36 62178.696332 57349.013730
 309    1    2   37 59839.933592 54904.063061
 309    1    2   39 57275.409759 52503.500357
 309    1    2   40 62597.845747 57775.943275
 309   -1    2   21 72904.114907 67632.668786
 309   -1    2   22 68459.636993 63612.722256
 309   -1    2   24 67817.535041 62798.515139
 309   -1    2   25 68255.690012 63103.638072
 309   -1    2   29 67602.288909 62754.804914
 309   -1    2   30 67809.313303 62802.437858
 309   -1    2   32 70687.136223 66182.754052
 309   -1    2   34 64542.758532 59618.795347
 309   -1    2   35 67767.140984 62666.234851
 309   -1    2   38 68701.868580 63824.488554
 312    1    1    1 76867.894297 70932.667997
 312    1    1    2 76874.473904 70918.225846
 312    1    1    4 76028.763846 70121.496439
 312    1    1    5 77993.720903 72188.770764
 312    1    1    7 77088.926235 71154.181134
 312    1    1    8 76487.702383 70960.157436
 312    1    1   11 72933.702418 67758.890542
 312    1    1   13 65800.233420 60839.773204
 312    1    1   15 70970.420997 66162.708613
 312    1    1   17 67588.147707 62767.207432
 312   -1    1    3 76253.147530 70317.962086
 312   -1    1    6 72860.418876 67061.017600
 312   -1    1    9 71892.296978 66778.906057
 312   -1    1   10 69321.944169 63958.818685
 312   -1    1   12 69835.297518 64430.249969
 312   -1    1   14 66589.612493 61473.831970
 312   -1    1   16 62821.615885 58191.501555
 312   -1    1   18 74485.249145 68529.518943
 312   -1    1   19 62844.183769 58082.194489
 312   -1    1   20 63386.639995 58879.373644
 312    1    2   22 68960.854852 63952.547734
 312    1    2   23 62398.841584 57467.726038
 312    1    2   24 59524.377343 55211.851061
 312    1    2   25 61128.310587 56543.339786
 312    1    2   28 68926.369778 63536.817116
 312    1    2   32 62868.247715 58449.943534
 312    1    2   33 60988.603687 56657.608942
 312    1    2   34 62927.437595 58124.769384
 312    1    2   35 74741.413204 69224.061445
 312    1    2   38 72309.370822 67129.488946
 312   -1    2   21 63969.150802 59026.275072
 312   -1    2   26 61686.436679 56821.034034
 312   -1    2   27 70394.712925 65562.780952
 312   -1    2   29 60580.273159 56143.661084
 312   -1    2   30 65266.461606 60710.346711
 312   -1    2   31 70624.271558 64644.227813
 312   -1    2   36 61820.022775 57424.209569
 312   -1    2   37 58287.156005 54000.366570
 312   -1    2   39 65286.162192 60068.151368
 312   -1    2   40 66612.376797 62265.626330
 315    1    1    1 76003.855122 70068.799054
 315    1    1    2 72621.989798 66666.723665
 315    1    1    3 71375.961543 65998.510005
 315    1    1    5 67419.474277 61717.892202
 315    1    1    8 65097.606956 59774.572954
 315    1    1   12 63139.984940 58916.473043
 315    1    1   14 63590.848261 58775.517732
 315    1    1   15 61931.655829 56792.179894
 315    1    1   18 66413.393668 61229.395635
 315    1    1   20 68775.039312 63499.334184
 315   -1    1    4 67377.017755 61663.047584
 315   -1    1    6 67462.454670 62200.857372
 315   -1    1    7 60114.392313 54856.017494
 315   -1    1    9 63682.923237 58297.726333
 315   -1    1   10 66925.004927 62282.178494
 315   -1    1   11 60604.173201 55623.978836
 315   -1    1   13 68267.977333 63252.034403
 315   -1    1   16 65591.024395 59959.985699
 315   -1    1   17 68159.363129 62791.755079
 315   -1    1   19 71614.450881 65681.078096
 315    1    2   23 64095.156637 58825.131317
 315    1    2   24 67941.543546 62706.209419
 315    1    2   29 64562.187623 60101.654408
 315    1    2   30 78061.319215 72138.182859
 315    1    2   31 72811.745468 67041.645562
 315    1    2   32 65644.850644 60432.895455
 315    1    2   35 71495.062607 66138.783474
 315    1    2   36 73463.917102 68274.592162
 315    1    2   39 73688.088874 67750.812155
 315    1    2   40 71468.199026 65971.682894
 315   -1    2   21 69205.843039 64063.965196
 315   -1    2   22 65186.649981 59686.277409
 315   -1    2   25 65951.786109 60712.021215
 315   -1    2   26 70147.026696 65146.254023
 315   -1    2   27 65801.295049 60486.596062
 315   -1    2   28 63769.280438 58627.002722
 315   -1    2   33 66955.680513 61924.172153
 315   -1    2   34 74166.742227 68205.774248
 315   -1    2   37 68231.091435 62568.056340
 315   -1    2   38 68756.556715 63666.576066
 326    1    1    1 68946.296170 64145.061122
 326    1    1    3 73510.490726 67749.181200
 326    1    1    4 71452.443211 65723.350042
 326    1    1    5 70239.568878 64758.789301
 326    1    1    8 67497.253850 61910.886711
 326    1    1   11 64464.690403 59266.134969
 326    1    1   13 68396.112567 62824.275571
 326    1    1   17 66674.699630 61955.353371
 326    1    1   19 63916.696878 59001.128161
 326    1    1   20 73051.194147 67402.344830
 326   -1    1    2 70799.057865 65060.618310
 326   -1    1    6 67905.580226 62656.182907
 326   -1    1    7 71425.683109 66205.814804
 326   -1    1    9 68768.993699 63827.004828
 326   -1    1   10 68219.871424 62771.861633
 326   -1    1   12 68806.943934 62935.773503
 326   -1    1   14 66378.889419 61143.683064
 326   -1    1   15 67523.533092 61924.588698
 326   -1    1   16 62937.658359 57610.596162
 326   -1    1   18 65006.243308 59697.111942
 326    1    2   23 77031.719949 71203.525564
 326    1    2   25 64595.697616 59628.218796
 326    1    2   29 67230.757294 61623.628294
 326    1    2   30 66323.555564 60952.927163
 326    1    2   31 66302.353120 60577.756929
 326    1    2   32 72537.525477 67256.487961
 326    1    2   33 66886.218353 61215.633431
 326    1    2   34 69760.225844 64208.968868
 326    1    2   36 70867.807017 65350.608252
 326    1    2   40 62446.353135 57634.180981
 326   -1    2   21 69923.790438 64608.469923
 326   -1    2   22 67077.040245 61827.030963
 326   -1    2   24 67338.465552 61468.687850
 326   -1    2   26 66711.270305 61272.134194
 326   -1    2   27 59506.580677 54505.384853
 326   -1    2   28 65913.390409 61269.940546
 326   -1    2   35 74371.762814 69191.316743
 326   -1    2   37 61573.167193 56089.636340
 326   -1    2   38 62839.531512 57803.737231
 326   -1    2   39 64113.078040 58964.995446
 330    1    1    1 73483.053034 67718.973658
 330    1    1    2 75890.717513 70143.222172
 330    1    1    4 71011.403784 65860.910716
 330    1    1    6 69173.356779 63826.213768
 330    1    1    7 66868.653749 61169.832707
 330    1    1   10 70570.824273 65183.250062
 330    1    1   11 77166.174958 71898.779311
 330    1    1   12 71769.535526 66006.282698
 330    1    1   17 65706.144788 60652.772147
 330    1    1   20 65553.696232 60694.800936
 330   -1    1    3 73916.738157 68085.685543
 330   -1    1    5 68080.212300 62794.246171
 330   -1    1    8 73052.569539 67425.542689
 330   -1    1    9 66563.531437 60874.153546
 330   -1    1   13 68746.275908 63564.938144
 330   -1    1   14 66642.005454 61582.102200
 330   -1    1   15 65643.220853 60272.007379
 330   -1    1   16 64942.710202 59792.766032
 330   -1    1   18 69252.509803 63959.765496
 330   -1    1   19 65911.338260 60317.779038
 330    1    2   21 67261.440396 62089.247693
 330    1    2   22 65129.535836 59448.532931
 330    1    2   24 65287.616168 60282.432303
 330    1    2   26 70632.581883 65101.794726
 330    1    2   29 60219.566690 55065.804621
 330    1    2   31 62715.704882 57827.017893
 330    1    2   33 69514.845680 64636.218042
 330    1    2   36 66175.966531 61625.837612
 330    1    2   39 65253.722454 60282.730621
 330    1    2   40 67937.914094 62647.133957
 330   -1    2   23 68915.037364 63288.276664
 330   -1    2   25 69247.109206 64139.645526
 330   -1    2   27 71162.174462 65174.953437
 330   -1    2   28 64671.219163 59438.163880
 330   -1    2   30 69098.471545 63823.186519
 330   -1    2   32 66678.567445 61642.355311
 330   -1    2   34 73757.074809 68175.848870
 330   -1    2   35 66303.886963 61305.075855
 330   -1    2   37 67751.156628 62652.596662
 330   -1    2   38 65307.068133 60034.300118
 331    1    1    1 61751.467342 56928.624202
 331    1    1    4 69567.269269 64715.832892
 331    1    1    5 69324.288453 64124.463755
 331    1    1    9 70205.101096 65023.524935
 331    1    1   12 70696.964202 65183.282373
 331    1    1   14 70062.548977 64734.270249
 331    1    1   15 70335.121307 65368.464584
 331    1    1   16 68316.389937 63161.303559
 331    1    1   18 69673.773940 64219.796862
 331    1    1   19 66863.679074 61679.819177
 331   -1    1    2 64099.885248 59565.984560
 331   -1    1    3 67062.615044 62294.550134
 331   -1    1    6 64863.093324 60728.777714
 331   -1    1    7 69945.847014 64589.920045
 331   -1    1    8 69903.153335 64678.670526
 331   -1    1   10 69425.025115 64375.440996
 331   -1    1   11 70006.529401 64907.414906
 331   -1    1   13 67132.801000 61783.617819
 331   -1    1   17 67179.413339 62125.662542
 331   -1    1   20 66803.839070 61349.559887
 331    1    2   21 66399.405887 61143.303202
 331    1    2   22 66126.181068 60681.200193
 331    1    2   24 67997.715348 62888.553344
 331    1    2   27 71471.833833 66589.910863
 331    1    2   29 67571.907081 62881.040628
 331    1    2   33 71878.835464 66930.698994
 331    1    2   35 67347.778280 62027.680036
 331    1    2   36 65546.240665 60787.502151
 331    1    2   38 66101.559332 61067.879215
 331    1    2   39 68474.319890 63592.602374
 331   -1    2   23 63594.572913 58770.294069
 331   -1    2   25 69156.023130 64192.176693
 331   -1    2   26 68197.912543 62995.875443
 331   -1    2   28 70113.723283 64882.682066
 331   -1    2   30 69986.793421 64892.661363
 331   -1    2   31 68885.682330 63504.539878
 331   -1    2   32 70048.623193 65068.399795
 331   -1    2   34 66441.215397 61002.901916
 331   -1    2   37 66058.322058 60962.101360
 331   -1    2   40 68100.205526 63071.273320
 332    1    1    4 65185.782117 60263.927231
 332    1    1    5 67808.989258 63017.910439
 332    1    1    6 66809.971491 61619.021590
 332    1    1    8 69075.013051 63820.017996
 332    1    1    9 67469.674489 62150.082025
 332    1    1   10 67555.933864 62688.032970
 332    1    1   11 66504.047514 60944.608892
 332    1    1   13 67080.806366 62201.818866
 332    1    1   14 69781.654370 64209.034218
 332    1    1   15 64549.367432 59347.030100
 332   -1    1    1 64578.897079 60440.149131
 332   -1    1    2 64892.525620 59819.569663
 332   -1    1    3 66887.522015 62170.423723
 332   -1    1    7 67271.817605 61838.999908
 332   -1    1   12 68096.979348 62692.438640
 332   -1    1   16 71988.630122 66516.286777
 332   -1    1   17 71187.948363 65538.952517
 332   -1    1   18 67538.883288 61887.551385
 332   -1    1   19 68363.367653 63921.058905
 332   -1    1   20 71735.002477 66471.290489
 332    1    2   21 64930.154148 59464.598571
 332    1    2   22 69802.021697 64245.257663
 332    1    2   23 66814.089123 61389.344577
 332    1    2   27 62874.486263 58275.539876
 332    1    2   29 63133.132943 57700.244812
 332    1    2   30 65200.321011 59928.386046
 332    1    2   33 68900.521110 64138.486953
 332    1    2   34 63590.482707 58408.649129
 332    1    2   35 65013.400758 60117.589165
 332    1    2   38 60212.427407 55734.907045
 332   -1    2   24 66392.030998 61053.009381
 332   -1    2   25 66482.217354 61134.376416
 332   -1    2   26 64989.594234 59678.065312
 332   -1    2   28 65745.914331 60411.097300
 332   -1    2   31 68952.241836 63980.977394
 332   -1    2   32 67255.772502 61952.546325
 332   -1    2   36 65059.647205 59614.104985
 332   -1    2   37 64202.119118 59211.851024
 332   -1    2   39 62860.963277 57540.092474
 332   -1    2   40 65263.638873 60502.534047
 333    1    1    1 68260.830702 63685.094230
 333    1    1    4 74866.102136 69258.011183
 333    1    1    5 77538.358027 71796.548367
 333    1    1   10 70023.440000 65010.099195
 333    1    1   11 75633.592409 70791.537483
 333    1    1   12 69547.563397 64062.149399
 333    1    1   13 71208.708823 65938.810386
 333    1    1   14 74921.538159 69158.871351
 333    1    1   17 69636.802608 64611.935277
 333    1    1   20 60220.511000 55614.506346
 333   -1    1    2 70004.363286 64395.985676
 333   -1    1    3 68986.180453 63628.051776
 333   -1    1    6 70618.690166 65302.444708
 333   -1    1    7 68700.489431 63075.586492
 333   -1    1    8 65199.208884 59628.437534
 333   -1    1    9 69125.786623 63981.839800
 333   -1    1   15 65240.917842 60358.729091
 333   -1    1   16 63967.762339 59395.525802
 333   -1    1   18 60970.937954 55923.478035
 333   -1    1   19 59695.948789 55245.409113
 333    1    2   21 66233.640251 61643.395535
 333    1    2   23 63379.333105 58937.702505
 333    1    2   24 61762.219209 56674.967763
 333    1    2   27 62774.027039 57610.669929
 333    1    2   29 65910.494420 61534.201119
 333    1    2   32 60658.323077 56540.518464
 333    1    2   34 59961.542895 54822.809306
 333    1    2   35 58897.341421 54546.403121
 333    1    2   36 66707.856483 62227.285606
 333    1    2   39 63477.345540 58500.795766
 333   -1    2   22 71078.791494 66461.587857
 333   -1    2   25 70409.093106 65580.282619
 333   -1    2   26 64489.282125 59393.785949
 333   -1    2   28 69558.014377 64433.919866
 333   -1    2   30 63603.529522 58814.248843
 333   -1    2   31 58056.743196 53469.594830
 333   -1    2   33 65979.223908 61727.724822
 333   -1    2   37 62252.926564 57916.486954
 333   -1    2   38 58784.439827 54399.841323
 333   -1    2   40 64066.254142 59758.592007
 335    1    1    3 63110.121950 57795.265388
 335    1    1    4 69261.621698 63959.255587
 335    1    1    7 71505.768483 66699.305467
 335    1    1    8 72322.893863 66925.568187
 335    1    1   10 68577.240995 63483.546183
 335    1    1   11 70630.996261 65156.815395
 335    1    1   13 71869.044771 66337.918564
 335    1    1   15 69015.841376 63603.422567
 335    1    1   16 69711.082794 64322.714855
 335    1    1   19 65837.091888 60342.565896
 335   -1    1    1 64971.302224 59340.653271
 335   -1    1    2 71431.127529 66130.289480
 335   -1    1    5 70175.441794 65147.731558
 335   -1    1    6 76027.987475 70588.818532
 335   -1    1    9 69419.107994 64147.713592
 335   -1    1   12 72106.091527 66459.237688
 335   -1    1   14 73336.720324 67798.381527
 335   -1    1   17 73366.349217 68032.623826
 335   -1    1   18 73389.681066 67531.233980
 335   -1    1   20 70593.494141 65207.490439
 335    1    2   21 64437.093956 59192.102787
 335    1    2   22 67281.550581 62595.083709
 335    1    2   23 67459.086262 62030.682657
 335    1    2   26 64047.373127 58848.344799
 335    1    2   30 63904.326415 58769.800325
 335    1    2   31 63841.581952 58773.591912
 335    1    2   36 66157.975893 60938.946077
 335    1    2   37 63811.397090 58856.480703
 335    1    2   38 65886.113032 61108.942151
 335    1    2   40 63603.038335 58638.407331
 335   -1    2   24 70070.296880 64709.303820
 335   -1    2   25 70105.000704 65058.261464
 335   -1    2   27 69368.440814 64096.095500
 335   -1    2   28 65775.297044 60476.426055
 335   -1    2   29 63731.023173 58550.822614
 335   -1    2   32 68639.649501 63453.206442
 335   -1    2   33 68451.838866 63099.018393
 335   -1    2   34 69981.204826 64818.861593
 335   -1    2   35 70734.783894 65599.777734
 335   -1    2   39 65056.326152 59911.461126
 338    1    1    2 68171.424142 63130.633030
 338    1    1    3 67664.280477 62636.571539
 338    1    1    7 69113.870777 63971.787185
 338    1    1    8 68416.660405 63196.633328
 338    1    1   11 69133.767126 63445.314178
 338    1    1   12 66315.947141 61235.253454
 338    1    1   14 65547.581969 60335.632399
 338    1    1   16 64819.079691 60073.592037
 338    1    1   18 60583.250768 55688.855839
 338    1    1   20 69783.960807 65098.476427
 338   -1    1    1 64602.792736 60021.270807
 338   -1    1    4 71294.109219 66318.848337
 338   -1    1    5 71950.755346 66436.455110
 338   -1    1    6 68921.720552 63434.080126
 338   -1    1    9 70159.443959 64876.517978
 338   -1    1   10 68452.044214 63299.892280
 338   -1    1   13 68280.891551 62884.840244
 338   -1    1   15 67975.417405 62982.158867
 338   -1    1   17 67009.719848 62237.590249
 338   -1    1   19 65263.574400 60491.464297
 338    1    2   21 66145.884026 60971.846470
 338    1    2   23 65081.999915 60072.562850
 338    1    2   24 69430.462098 64424.215081
 338    1    2   25 70929.901136 66145.865976
 338    1    2   26 67143.356304 61608.144611
 338    1    2   27 69764.883215 64334.708781
 338    1    2   29 66617.485128 61365.356525
 338    1    2   31 64494.786566 59784.372586
 338    1    2   35 63497.239247 58320.844102
 338    1    2   36 64426.222041 59490.681633
 338   -1    2   22 68292.075427 62740.505293
 338   -1    2   28 67171.533743 62234.390783
 338   -1    2   30 68161.748058 63183.461277
 338   -1    2   32 69176.666116 63954.570560
 338   -1    2   33 69524.429691 64626.978204
 338   -1    2   34 66649.797245 61459.503562
 338   -1    2   37 69877.307140 64960.571565
 338   -1    2   38 68839.084189 63310.691967
 338   -1    2   39 66708.907766 61587.020531
 338   -1    2   40 70337.901615 65187.557261
 339    1    1    3 66198.639680 60538.805853
 339    1    1    5 64121.483608 58738.496466
 339    1    1    6 70226.797090 64830.719815
 339    1    1    7 71920.127181 66888.895694
 339    1    1    9 68491.910971 62771.514260
 339    1    1   11 67779.751358 62198.112038
 339    1    1   13 65261.890903 59993.800409
 339    1    1   16 63816.957681 58872.092545
 339    1    1   17 71740.924922 66103.582223
 339    1    1   18 68053.063103 62413.954637
 339   -1    1    1 72099.473197 66605.076139
 339   -1    1    2 76865.241960 71048.792939
 339   -1    1    4 73395.953801 67671.798712
 339   -1    1    8 70012.381455 64478.686205
 339   -1    1   10 73019.010662 67266.089339
 339   -1    1   12 66236.334841 60723.216921
 339   -1    1   14 69223.616654 64006.859481
 339   -1    1   15 66999.704607 61136.620801
 339   -1    1   19 72943.305709 67175.589352
 339   -1    1   20 65832.792030 60113.020950
 339    1    2   25 65398.952572 60886.954842
 339    1    2   26 65981.700911 61168.837392
 339    1    2   27 66405.952320 60475.180210
 339    1    2   28 68053.742726 62470.091876
 339    1    2   31 62364.722221 57661.550430
 339    1    2   32 67957.583655 63170.512676
 339    1    2   33 67419.277243 61687.809305
 339    1    2   34 67305.314444 61874.959497
 339    1    2   35 71336.643141 66069.153058
 339    1    2   36 62422.155510 57068.581826
 339   -1    2   21 68917.104366 63445.630432
 339   -1    2   22 66909.159472 61991.822332
 339   -1    2   23 67069.786414 62324.602926
 339   -1    2   24 65076.799431 59904.997158
 339   -1    2   29 65666.626549 61285.435777
 339   -1    2   30 61830.134867 56815.549820
 339   -1    2   37 64302.169344 58633.736528
 339   -1    2   38 64477.884871 59751.386948
 339   -1    2   39 60339.857796 55078.512909
 339   -1    2   40 63613.742795 58291.557328
 340    1    1    1 71984.062084 66948.327407
 340    1    1    6 71311.551281 65368.281671
 340    1    1    7 71229.865551 65859.647854
 340    1    1    8 70159.607416 64569.650848
 340    1    1   10 71418.663996 66441.841205
 340    1    1   11 68092.756240 62694.045294
 340    1    1   12 70975.627956 65246.636830
 340    1    1   16 69270.313413 64317.811504
 340    1    1   17 66697.146046 61834.467244
 340    1    1   19 66734.083429 61526.440549
 340   -1    1    2 71831.690411 66094.018926
 340   -1    1    3 70910.591476 65301.202513
 340   -1    1    4 75378.898694 69463.561684
 340   -1    1    5 75625.504538 70205.147794
 340   -1    1    9 71110.890050 65345.114711
 340   -1    1   13 68561.658913 62791.166741
 340   -1    1   14 68470.487687 62719.119845
 340   -1    1   15 68403.221800 62673.096547
 340   -1    1   18 68835.764910 64284.368391
 340   -1    1   20 66133.773745 60827.987184
 340    1    2   22 64409.581314 59369.250093
 340    1    2   23 65014.022750 59853.453322
 340    1    2   24 65001.360692 59743.943734
 340    1    2   27 61783.804362 56932.529618
 340    1    2   29 63749.170232 58879.110019
 340    1    2   30 61802.390638 56925.864642
 340    1    2   33 62505.879774 57755.787703
 340    1    2   35 59740.011916 55165.093302
 340    1    2   38 63242.632376 58294.197474
 340    1    2   40 62019.841328 57246.268325
 340   -1    2   21 63836.429787 58897.171249
 340   -1    2   25 65647.803088 60388.391979
 340   -1    2   26 64796.742658 59493.436350
 340   -1    2   28 63036.026354 58542.404493
 340   -1    2   31 66119.669829 61390.792813
 340   -1    2   32 64152.183668 59056.263633
 340   -1    2   34 65045.436974 59919.405188
 340   -1    2   36 65175.783330 59865.637766
 340   -1    2   37 62435.462806 57240.278537
 340   -1    2   39 67370.313305 62169.757055
 349    1    1    4 73126.605338 67666.187337
 349    1    1    5 71950.505324 66213.048723
 349    1    1   10 66199.891070 60655.783042
 349    1    1   11 73180.817677 67768.048599
 349    1    1   12 74598.698927 69070.288094
 349    1    1   13 68898.567407 63668.338221
 349    1    1   16 63599.809467 58435.568126
 349    1    1   17 65520.161554 60271.014216
 349    1    1   18 63488.943619 58316.483054
 349    1    1   20 63378.650565 58261.463877
 349   -1    1    1 73922.857407 68362.237793
 349   -1    1    2 74970.466350 69235.390956
 349   -1    1    3 79302.113934 73950.725422
 349   -1    1    6 77315.674555 71974.132750
 349   -1    1    7 72458.305766 67113.656854
 349   -1    1    8 68939.978339 63404.564156
 349   -1    1    9 72204.017243 66997.760798
 349   -1    1   14 75300.163756 69710.810530
 349   -1    1   15 69085.835075 63749.354315
 349   -1    1   19 67279.798347 62049.088927
 349    1    2   24 66290.038466 61192.087862
 349    1    2   25 70987.102583 65946.994713
 349    1    2   26 69373.386747 64009.714333
 349    1    2   27 65739.005733 60497.499181
 349    1    2   30 64159.129085 59305.827964
 349    1    2   32 61467.700298 56485.443319
 349    1    2   36 63716.071813 58915.506201
 349    1    2   37 64727.079606 60113.067712
 349    1    2   39 62899.290281 58242.176674
 349    1    2   40 68987.635425 63825.409473
 349   -1    2   21 66279.152572 60835.271622
 349   -1    2   22 66798.220937 61346.462686
 349   -1    2   23 65703.262990 61013.016223
 349   -1    2   28 62869.187242 57377.010980
 349   -1    2   29 62917.631018 57914.128373
 349   -1    2   31 60881.339843 56305.362456
 349   -1    2   33 61915.370274 57119.480507
 349   -1    2   34 59035.640987 54141.836060
 349   -1    2   35 61024.350798 56250.616807
 349   -1    2   38 65028.268504 59903.022323
 353    1    1    2 68989.272235 63948.279377
 353    1    1    3 69679.325285 64515.628081
 353    1    1    5 65210.641067 59767.349319
 353    1    1    7 65840.977785 60750.961048
 353    1    1    9 68066.635397 63182.605290
 353    1    1   13 68818.259516 63376.680890
 353    1    1   15 66439.954562 61138.573085
 353    1    1   18 64303.700831 58948.745585
 353    1    1   19 63616.682908 58627.684929
 353    1    1   20 63296.288708 58467.941628
 353   -1    1    1 69196.243616 63824.757260
 353   -1    1    4 70529.352734 65124.085087
 353   -1    1    6 65024.622667 59835.322139
 353   -1    1    8 69167.599257 63962.363424
 353   -1    1   10 71505.421045 66351.494091
 353   -1    1   11 68157.817588 63454.555269
 353   -1    1   12 71024.948382 66042.096908
 353   -1    1   14 74960.239994 69783.922270
 353   -1    1   16 67853.388111 62808.738847
 353   -1    1   17 69061.336928 63836.593425
 353    1    2   21 63852.981725 59050.893094
 353    1    2   22 63181.674869 58162.349446
 353    1    2   25 63729.961847 58587.522945
 353    1    2   26 66574.577811 61692.542563
 353    1    2   27 67404.204476 62071.815697
 353    1    2   29 67705.436004 62761.578236
 353    1    2   31 68749.279344 63295.719899
 353    1    2   35 65774.144974 60405.729552
 353    1    2   36 70935.778371 65915.171461
 353    1    2   39 66674.492718 61328.719604
 353   -1    2   23 65266.754838 60245.031287
 353   -1    2   24 68384.254170 63394.340083
 353   -1    2   28 68459.842093 63140.192422
 353   -1    2   30 70560.143241 65277.597624
 353   -1    2   32 67180.208458 61810.467624
 353   -1    2   33 69359.485369 63802.806765
 353   -1    2   34 68335.817861 62886.100648
 353   -1    2   37 72668.821929 67178.846345
 353   -1    2   38 67557.653399 62081.745186
 353   -1    2   40 69508.898241 64676.974577
 358    1    1    2 69165.904384 63895.990756
 358    1    1    5 70331.039865 64931.331453
 358    1    1    6 71469.253803 65546.792494
 358    1    1    9 74445.858672 68474.939319
 358    1    1   10 67679.009214 61783.349657
 358    1    1   14 64658.936556 59857.496090
 358    1    1   17 66376.041783 61165.539645
 358    1    1   18 62432.394823 57467.841226
 358    1    1   19 63701.884788 58511.935383
 358    1    1   20 66540.108237 61572.480418
 358   -1    1    1 67584.438471 61785.237720
 358   -1    1    3 63642.976300 58184.550382
 358   -1    1    4 69787.434857 64087.678965
 358   -1    1    7 76964.699651 71380.156425
 358   -1    1    8 73993.033137 68045.150205
 358   -1    1   11 65508.797330 59789.846750
 358   -1    1   12 68339.849446 63382.075827
 358   -1    1   13 68135.864566 62401.265491
 358   -1    1   15 64754.440096 59362.746623
 358   -1    1   16 67159.908663 61741.782070
 358    1    2   21 69853.159054 64197.343417
 358    1    2   23 67061.823569 61477.960982
 358    1    2   25 67707.050860 62269.213565
 358    1    2   28 64191.894738 59664.688806
 358    1    2   30 63398.424413 58548.081148
 358    1    2   32 66552.193998 61416.805526
 358    1    2   33 70578.819418 65694.234950
 358    1    2   35 63866.343857 58893.307687
 358    1    2   36 70063.626126 64662.604389
 358    1    2   39 61400.052660 57008.965575
 358   -1    2   22 67612.209504 62330.175885
 358   -1    2   24 67568.822916 62164.747451
 358   -1    2   26 63273.720714 57958.340784
 358   -1    2   27 60697.558683 55396.124815
 358   -1    2   29 60394.997577 55216.436151
 358   -1    2   31 66790.443321 62182.368580
 358   -1    2   34 65681.446577 60152.116598
 358   -1    2   37 69720.542166 64580.588478
 358   -1    2   38 62716.073816 57430.458636
 358   -1    2   40 62731.599304 57535.847451
 359    1    1    2 65112.727864 59997.964301
 359    1    1    9 71604.245602 66565.251640
 359    1    1   10 69032.430937 64064.366594
 359    1    1   11 73881.242798 68546.331675
 359    1    1   13 67681.115576 62686.825958
 359    1    1   14 68170.115720 62948.978112
 359    1    1   15 71284.069686 66019.110180
 359    1    1   16 71559.681201 66039.294782
 359    1    1   17 71314.817150 65942.738233
 359    1    1   18 72342.480776 66991.720258
 359   -1    1    1 64651.909788 59981.376168
 359   -1    1    3 69112.861014 63911.277604
 359   -1    1    4 64662.620112 59352.910766
 359   -1    1    5 66229.072852 61074.511226
 359   -1    1    6 67359.473062 62201.972037
 359   -1    1    7 64051.793323 59085.989397
 359   -1    1    8 70012.313981 64756.155849
 359   -1    1   12 70036.578754 64833.857640
 359   -1    1   19 71589.717688 66147.045411
 359   -1    1   20 63587.800874 58472.707434
 359    1    2   21 64972.441202 59873.506175
 359    1    2   22 64411.199991 59852.964401
 359    1    2   23 67939.828670 62764.180944
 359    1    2   25 71273.373963 66249.107855
 359    1    2   26 74518.388132 69203.968836
 359    1    2   27 74281.739000 69268.292633
 359    1    2   33 69565.600731 64520.458699
 359    1    2   34 74451.350146 69002.067749
 359    1    2   36 70758.988618 65710.795006
 359    1    2   38 61367.292732 57197.007814
 359   -1    2   24 60561.717140 55969.493912
 359   -1    2   28 71339.089584 65994.319233
 359   -1    2   29 70526.941879 65123.111945
 359   -1    2   30 69162.113021 63756.869229
 359   -1    2   31 70722.102782 65619.483328
 359   -1    2   32 60504.862225 55452.877701
 359   -1    2   35 71157.399812 65697.083435
 359   -1    2   37 67143.118037 62167.347306
 359   -1    2   39 66124.751803 60849.352520
 359   -1    2   40 68102.779865 63223.592518
