          ID           CS    Hemiblock        trial          AUC   AUC_500lag
 301    1    1    1 71450.789699 66775.884327
 301    1    1    3 69450.942570 63990.310510
 301    1    1    6 69045.578737 63343.218976
 301    1    1    7 70986.470065 65975.438462
 301    1    1    9 68751.371260 63566.344299
 301    1    1   11 68781.411939 63342.891193
 301    1    1   13 66151.759998 61060.639589
 301    1    1   15 65756.698689 61455.813082
 301    1    1   17 60250.282079 56180.478539
 301    1    1   18 62519.924374 57824.350931
 301   -1    1    2 72146.856453 66344.929993
 301   -1    1    4 72632.303280 67408.690157
 301   -1    1    5 75046.296829 69651.593133
 301   -1    1    8 71085.997624 66402.415392
 301   -1    1   10 71102.606833 65686.307917
 301   -1    1   12 68365.503394 62915.252844
 301   -1    1   14 63167.039999 57982.633488
 301   -1    1   16 59031.111342 53858.961478
 301   -1    1   19 69408.542623 64168.991203
 301   -1    1   20 69063.150603 63959.663882
 301    1    2   24 64818.605422 60243.371337
 301    1    2   25 63461.651760 58291.393114
 301    1    2   27 68903.353917 64375.457580
 301    1    2   28 71185.471112 65691.587893
 301    1    2   31 65820.773014 61011.041673
 301    1    2   32 65245.386941 59910.150050
 301    1    2   34 64702.643444 60235.220799
 301    1    2   35 71542.317533 66665.694302
 301    1    2   38 63986.168444 59494.098552
 301    1    2   39 66251.894392 61902.198737
 301   -1    2   21 64966.905547 59866.779437
 301   -1    2   22 63753.364963 58747.919866
 301   -1    2   23 62623.413913 57780.111352
 301   -1    2   26 62450.851211 57691.494654
 301   -1    2   29 71139.380329 65975.177616
 301   -1    2   30 65298.027777 59760.922965
 301   -1    2   33 59219.263866 54504.302982
 301   -1    2   36 68532.496027 63289.139390
 301   -1    2   37 63787.702136 58970.484526
 301   -1    2   40 62600.522078 57886.694311
 303    1    1    4 72263.283937 66705.667787
 303    1    1   10 73795.188749 68860.588937
 303    1    1   11 74093.079001 68310.307892
 303    1    1   12 69509.474164 64090.055206
 303    1    1   13 70478.688366 64722.342923
 303    1    1   14 66274.656162 61394.517312
 303    1    1   16 70931.748016 65691.602939
 303    1    1   17 70897.604603 65606.979171
 303    1    1   18 70062.815979 64400.000895
 303    1    1   19 70210.174554 64663.933738
 303   -1    1    1 71252.155563 66488.216128
 303   -1    1    2 70704.631237 64934.105251
 303   -1    1    3 73466.986085 67709.481637
 303   -1    1    5 70662.901777 65293.843831
 303   -1    1    6 68768.870595 63124.813875
 303   -1    1    7 68151.289570 62962.010597
 303   -1    1    8 69430.500750 64701.795571
 303   -1    1    9 62471.042704 58234.487030
 303   -1    1   15 70071.354924 64682.090993
 303   -1    1   20 67114.203790 61494.939537
 303    1    2   23 70474.084570 65081.297099
 303    1    2   25 66943.506142 61924.398677
 303    1    2   26 66515.024171 61130.781275
 303    1    2   28 65460.283595 60856.635765
 303    1    2   29 69743.473556 64766.195888
 303    1    2   30 68774.656051 63204.879598
 303    1    2   31 64432.925423 59328.925007
 303    1    2   35 59516.443058 55515.979905
 303    1    2   37 67429.860001 62135.264744
 303    1    2   38 64466.784846 59546.015292
 303   -1    2   21 68922.054319 64098.862940
 303   -1    2   22 66477.134973 61587.236470
 303   -1    2   24 70632.895015 65312.221628
 303   -1    2   27 64300.403719 59136.859395
 303   -1    2   32 61641.142426 56368.847602
 303   -1    2   33 58797.178611 53618.423179
 303   -1    2   34 55714.043816 51673.510845
 303   -1    2   36 61612.690967 56657.343270
 303   -1    2   39 59711.671129 54555.692402
 303   -1    2   40 55446.132216 51324.871177
 308    1    1    1 69798.203437 64483.700718
 308    1    1    2 68702.017457 63460.128166
 308    1    1    3 71992.395863 66678.681644
 308    1    1    7 80656.349683 75393.979172
 308    1    1    9 76134.560880 70969.082188
 308    1    1   10 72537.203063 67213.278231
 308    1    1   12 70969.664275 65726.629933
 308    1    1   14 65149.382414 59900.496613
 308    1    1   15 66717.155423 61778.264174
 308    1    1   17 70429.871673 65262.383451
 308   -1    1    4 71342.887567 66032.804657
 308   -1    1    5 71833.633773 66612.627752
 308   -1    1    6 74619.972733 69444.080541
 308   -1    1    8 72976.802717 67271.234260
 308   -1    1   11 73497.324364 68069.429927
 308   -1    1   13 64256.491558 58657.781479
 308   -1    1   16 59091.332547 54667.736916
 308   -1    1   18 69288.229874 63906.732129
 308   -1    1   19 69342.008547 63892.022191
 308   -1    1   20 67928.255590 62526.939185
 308    1    2   22 67767.233545 62934.137498
 308    1    2   23 67453.581468 61917.469360
 308    1    2   24 62557.973078 57313.120434
 308    1    2   25 72013.689680 66702.841605
 308    1    2   26 68023.369453 63002.835655
 308    1    2   27 75387.189547 69980.865685
 308    1    2   30 62947.944340 58219.516565
 308    1    2   32 68544.186161 63361.404308
 308    1    2   36 67599.519848 62771.045483
 308    1    2   39 59401.352184 54717.949017
 308   -1    2   21 68083.587639 62613.670796
 308   -1    2   28 67443.448553 62124.356805
 308   -1    2   29 61080.649230 55922.321569
 308   -1    2   31 69799.660078 64286.413671
 308   -1    2   33 67285.569333 62165.306856
 308   -1    2   34 61118.934593 56716.590969
 308   -1    2   35 61061.120519 56171.464901
 308   -1    2   37 58580.625032 53630.097586
 308   -1    2   38 65722.080249 61586.046037
 308   -1    2   40 56152.441003 52140.081811
 310    1    1    4 69769.181189 64257.752507
 310    1    1    5 71058.525230 65516.436777
 310    1    1    7 67902.237597 62616.006066
 310    1    1    9 67081.527944 61843.389242
 310    1    1   13 64274.459243 59209.185755
 310    1    1   15 64589.907020 59207.484804
 310    1    1   16 67224.437313 61936.932485
 310    1    1   17 65588.190874 60510.832343
 310    1    1   18 68420.588872 63315.846424
 310    1    1   19 69002.677496 63989.386443
 310   -1    1    1 67454.158560 62137.990079
 310   -1    1    2 67540.622583 62432.220909
 310   -1    1    3 70600.327609 65360.020153
 310   -1    1    6 73067.874828 67382.611501
 310   -1    1    8 70125.853624 64989.276975
 310   -1    1   10 67366.568534 62054.876240
 310   -1    1   11 64846.810674 59682.040049
 310   -1    1   12 69662.361133 64499.981206
 310   -1    1   14 69278.906320 64111.417093
 310   -1    1   20 69529.698342 64329.841519
 310    1    2   22 66331.197103 61210.071926
 310    1    2   23 67906.005085 62762.046757
 310    1    2   25 67105.389296 61619.660819
 310    1    2   27 67334.281695 62168.561065
 310    1    2   29 61791.474381 56550.185495
 310    1    2   33 63728.567144 58944.560576
 310    1    2   35 65016.576347 59739.495403
 310    1    2   37 62828.578784 57634.318653
 310    1    2   38 61522.803168 56470.418621
 310    1    2   40 67889.717980 62777.763904
 310   -1    2   21 63747.458531 58837.618542
 310   -1    2   24 62741.742250 57912.240272
 310   -1    2   26 66792.055162 61186.233722
 310   -1    2   28 69657.603927 64437.552151
 310   -1    2   30 64550.565150 59803.009181
 310   -1    2   31 60149.380027 55506.000762
 310   -1    2   32 62491.881637 57441.573342
 310   -1    2   34 67707.881013 62393.576301
 310   -1    2   36 67022.209840 62324.296025
 310   -1    2   39 69143.007947 63908.212018
 314    1    1    1 64659.155318 59476.899408
 314    1    1    2 63076.934127 57919.302186
 314    1    1    4 68575.401263 63223.590578
 314    1    1    5 65022.403342 60065.896008
 314    1    1   10 70114.303510 64981.584976
 314    1    1   11 76471.923541 71028.142214
 314    1    1   12 71125.809117 65346.406685
 314    1    1   14 75224.046198 69729.767423
 314    1    1   15 77118.577378 71164.102663
 314    1    1   17 69335.065859 63736.130106
 314   -1    1    3 66533.692828 61280.108537
 314   -1    1    6 65879.283678 60906.888488
 314   -1    1    7 65669.558724 60481.784051
 314   -1    1    8 73730.866526 68290.507496
 314   -1    1    9 63240.594290 57732.704110
 314   -1    1   13 73243.702744 67484.463491
 314   -1    1   16 70708.842942 65651.725156
 314   -1    1   18 72935.268636 67312.402392
 314   -1    1   19 63572.056671 58136.317546
 314   -1    1   20 71830.104917 66250.717543
 314    1    2   22 70244.447586 64845.746892
 314    1    2   24 66392.444543 60877.222755
 314    1    2   25 65483.995322 61111.808591
 314    1    2   29 64973.244985 59765.645396
 314    1    2   30 66270.653812 61319.568895
 314    1    2   31 71632.873756 65710.590926
 314    1    2   35 60694.449916 56257.450963
 314    1    2   36 60647.553874 55733.281546
 314    1    2   37 61724.072330 56420.450326
 314    1    2   38 60469.940258 55680.226589
 314   -1    2   21 69037.745288 63942.274559
 314   -1    2   23 71089.253208 65478.167355
 314   -1    2   26 64462.893968 59080.766419
 314   -1    2   27 66728.906637 61877.471186
 314   -1    2   28 65212.203299 60799.684943
 314   -1    2   32 64074.506838 59142.204019
 314   -1    2   33 66498.319638 60923.282461
 314   -1    2   34 66006.950726 61050.947239
 314   -1    2   39 68463.402614 63510.764011
 314   -1    2   40 67099.778957 61921.013470
 317    1    1    1 72581.161049 67255.646131
 317    1    1    3 68109.597775 62530.041321
 317    1    1    5 68823.537326 63086.550249
 317    1    1   12 58919.893271 53748.136972
 317    1    1   13 65952.721237 60713.004676
 317    1    1   14 72505.570580 66579.648528
 317    1    1   15 62482.063445 57415.167280
 317    1    1   17 59211.609963 54642.110114
 317    1    1   18 65911.595755 60791.574920
 317    1    1   19 65490.061310 60100.790874
 317   -1    1    2 73165.623574 67581.164166
 317   -1    1    4 74372.814356 68513.173523
 317   -1    1    6 67514.523957 62191.078454
 317   -1    1    7 65719.254679 60257.448271
 317   -1    1    8 67879.282649 62390.177491
 317   -1    1    9 72396.010252 66881.887787
 317   -1    1   10 74995.690182 69055.166229
 317   -1    1   11 69547.410970 64097.672657
 317   -1    1   16 66775.881644 61696.272441
 317   -1    1   20 70260.337827 65121.505715
 317    1    2   23 62664.445803 58071.681037
 317    1    2   25 68270.646155 63234.091649
 317    1    2   26 68229.579936 62902.901306
 317    1    2   28 71000.677662 65796.541061
 317    1    2   30 62556.030292 57532.474220
 317    1    2   31 72654.266140 67437.450284
 317    1    2   33 65753.515806 60315.622232
 317    1    2   35 67972.753582 62693.840417
 317    1    2   36 68214.562909 62796.022996
 317    1    2   40 64671.542020 59955.803714
 317   -1    2   21 62064.749642 56526.943473
 317   -1    2   22 63392.762508 58524.463398
 317   -1    2   24 62175.385749 56633.401508
 317   -1    2   27 68900.607669 63343.370565
 317   -1    2   29 67862.504276 62133.924138
 317   -1    2   32 68443.833283 62694.877563
 317   -1    2   34 63386.856420 58117.941632
 317   -1    2   37 66141.999892 60737.555510
 317   -1    2   38 73683.481068 68312.486605
 317   -1    2   39 58480.291472 53269.592771
 318    1    1    1 67425.341885 62451.598136
 318    1    1    2 66369.028832 61368.220928
 318    1    1    3 66065.190901 61080.337889
 318    1    1    4 68883.061847 63783.221088
 318    1    1    6 67251.575103 62366.846688
 318    1    1    8 68564.255861 63626.922033
 318    1    1   11 68300.944746 63282.835043
 318    1    1   13 67836.744473 62646.751765
 318    1    1   14 66923.309174 61896.277889
 318    1    1   19 69656.893941 64581.819149
 318   -1    1    5 67805.845291 62853.897274
 318   -1    1    7 65020.400055 59805.609734
 318   -1    1    9 64046.559859 59160.501704
 318   -1    1   10 68518.095825 63796.802487
 318   -1    1   12 66364.460025 61709.741093
 318   -1    1   15 67530.020696 62262.651289
 318   -1    1   16 65822.718315 60621.811999
 318   -1    1   17 69524.359317 64539.193816
 318   -1    1   18 68718.711769 63568.009058
 318   -1    1   20 66030.117030 61165.751213
 318    1    2   21 67196.366965 62129.855758
 318    1    2   22 72251.619419 67240.135042
 318    1    2   25 69791.518272 64734.431920
 318    1    2   26 69399.895621 64245.100347
 318    1    2   29 71142.595668 66099.418171
 318    1    2   30 68639.524619 63419.815555
 318    1    2   37 69760.910343 64440.675487
 318    1    2   38 72920.794018 67827.614184
 318    1    2   39 69093.251456 63826.545016
 318    1    2   40 71792.193464 66716.588828
 318   -1    2   23 68770.896057 63728.234043
 318   -1    2   24 67623.384562 62637.378454
 318   -1    2   27 67082.701755 61637.886135
 318   -1    2   28 68190.834098 62990.599087
 318   -1    2   31 70857.362912 65696.307218
 318   -1    2   32 68261.162078 63179.977765
 318   -1    2   33 70017.837165 64437.301940
 318   -1    2   34 69953.490005 64640.340418
 318   -1    2   35 72364.445578 67254.740426
 318   -1    2   36 69349.075963 64146.824544
 319    1    1    2 73997.422398 68486.302260
 319    1    1    3 75160.694198 69749.655574
 319    1    1    4 75644.882292 70153.846239
 319    1    1    5 73926.646072 68314.308456
 319    1    1    7 72461.852823 67497.668075
 319    1    1    9 67445.315330 62152.738874
 319    1    1   13 72577.263640 67723.247123
 319    1    1   16 67089.433977 62112.337773
 319    1    1   18 65273.514286 60140.177919
 319    1    1   20 67664.921453 62735.131012
 319   -1    1    1 72874.192308 68127.203631
 319   -1    1    6 70305.462935 65016.930092
 319   -1    1    8 70086.112283 64567.698062
 319   -1    1   10 66722.831146 61531.773575
 319   -1    1   11 66727.516922 61685.351527
 319   -1    1   12 64024.891022 58837.636402
 319   -1    1   14 67419.459630 62338.363503
 319   -1    1   15 62902.748532 57730.416951
 319   -1    1   17 70437.081122 65617.110369
 319   -1    1   19 61251.878252 55837.765243
 319    1    2   21 67236.183066 62126.482369
 319    1    2   22 71343.932850 65989.541480
 319    1    2   24 69654.415522 64610.118929
 319    1    2   27 70850.717322 65460.636545
 319    1    2   28 71311.370548 65958.347706
 319    1    2   30 71700.640331 66402.989063
 319    1    2   31 72463.933470 67012.333234
 319    1    2   34 66516.272569 61435.690800
 319    1    2   36 70011.683243 64735.308336
 319    1    2   39 68822.501297 64132.509020
 319   -1    2   23 68937.442002 63625.565639
 319   -1    2   25 65442.838495 60297.893425
 319   -1    2   26 64261.896929 59546.655155
 319   -1    2   29 67409.447196 62016.513059
 319   -1    2   32 69796.938768 64336.926442
 319   -1    2   33 65573.161466 60255.624234
 319   -1    2   35 70662.438646 65536.882780
 319   -1    2   37 61239.715429 56482.171742
 319   -1    2   38 62153.932843 56981.306630
 319   -1    2   40 66673.129126 61445.835647
 321    1    1    2 69215.259220 63786.835911
 321    1    1    4 69047.104766 63690.899849
 321    1    1    7 67146.885795 61943.651404
 321    1    1    8 72247.888129 66589.769542
 321    1    1   10 70389.618067 65358.903160
 321    1    1   11 65106.769847 59566.902937
 321    1    1   12 65353.527592 59985.493307
 321    1    1   13 68095.397088 63033.338347
 321    1    1   14 67979.084694 62563.714368
 321    1    1   17 68449.645484 62903.679419
 321   -1    1    1 69491.464522 64144.562744
 321   -1    1    3 67890.812677 62489.703039
 321   -1    1    5 71916.345924 67090.839655
 321   -1    1    6 74089.476184 69384.522331
 321   -1    1    9 75041.266406 69553.246512
 321   -1    1   15 68859.425211 63503.295894
 321   -1    1   16 67159.671991 62078.417275
 321   -1    1   18 68393.819682 62785.197792
 321   -1    1   19 72607.019667 66933.029275
 321   -1    1   20 71843.320073 66540.919683
 321    1    2   22 69152.474732 63942.315375
 321    1    2   23 63963.983919 58569.038280
 321    1    2   28 66421.229177 61221.571958
 321    1    2   29 66503.600988 61021.975094
 321    1    2   30 68191.015950 63728.720899
 321    1    2   31 62999.551564 58104.742750
 321    1    2   34 65694.494148 60514.189759
 321    1    2   36 60236.581795 55049.006347
 321    1    2   39 59548.635124 55526.881920
 321    1    2   40 70401.141279 65285.155939
 321   -1    2   21 72022.424186 66432.014535
 321   -1    2   24 62518.403470 57824.731457
 321   -1    2   25 66091.082549 60889.886286
 321   -1    2   26 68873.577634 63254.667927
 321   -1    2   27 63613.822451 58141.322550
 321   -1    2   32 64317.559632 59661.136219
 321   -1    2   33 61475.714427 57467.301265
 321   -1    2   35 61252.212196 56167.930828
 321   -1    2   37 71284.336104 66189.277365
 321   -1    2   38 63389.144071 58093.978736
 325    1    1    1 62456.735564 57876.625017
 325    1    1    2 66316.750297 61108.544017
 325    1    1    3 66044.120237 60925.843943
 325    1    1    4 67701.397958 62206.928676
 325    1    1    5 66708.268713 61247.411133
 325    1    1    7 61810.302202 56591.059847
 325    1    1    8 63273.930778 58317.281087
 325    1    1   13 71131.396269 66063.408920
 325    1    1   14 63568.905785 58135.948960
 325    1    1   16 71217.463620 65619.932055
 325   -1    1    6 70285.537009 64582.507245
 325   -1    1    9 64310.645718 58966.235489
 325   -1    1   10 66869.741844 61454.313492
 325   -1    1   11 70900.624712 65561.378732
 325   -1    1   12 67166.404601 61722.852949
 325   -1    1   15 68869.747196 63242.650084
 325   -1    1   17 73708.736029 68240.037587
 325   -1    1   18 70475.276241 65004.177471
 325   -1    1   19 66456.154302 61202.236488
 325   -1    1   20 66447.493267 61027.016121
 325    1    2   21 70416.131253 65097.003501
 325    1    2   22 63921.125626 58876.430159
 325    1    2   26 68980.110261 63521.076651
 325    1    2   30 67244.435477 62260.867163
 325    1    2   32 65807.897038 60987.961078
 325    1    2   34 64819.047885 59661.081102
 325    1    2   36 60547.256112 55533.593798
 325    1    2   37 67095.315492 62967.923866
 325    1    2   39 65828.607148 60520.092196
 325    1    2   40 66082.509700 60580.940969
 325   -1    2   23 63219.319472 58304.417865
 325   -1    2   24 71822.355430 66159.507012
 325   -1    2   25 69662.074513 64261.882356
 325   -1    2   27 62965.015499 57786.112197
 325   -1    2   28 62818.045352 57232.720204
 325   -1    2   29 64691.344853 59458.103141
 325   -1    2   31 67751.439819 62482.604920
 325   -1    2   33 67996.199520 62859.198232
 325   -1    2   35 58634.562076 53658.902666
 325   -1    2   38 69648.635088 64651.220850
 328    1    1    1 68360.580637 63435.707741
 328    1    1    2 73863.932281 68841.796548
 328    1    1    5 72676.932996 67286.949021
 328    1    1    6 71438.572235 66359.199583
 328    1    1    9 68841.827920 63626.558401
 328    1    1   10 68583.942712 63700.404535
 328    1    1   11 71698.574355 66622.061471
 328    1    1   15 69250.281392 63825.321442
 328    1    1   19 68707.862499 63804.073682
 328    1    1   20 67855.593292 62712.225451
 328   -1    1    3 73336.652568 68101.169267
 328   -1    1    4 70632.788271 64972.671241
 328   -1    1    7 72031.966362 66508.631234
 328   -1    1    8 70187.331002 64763.299063
 328   -1    1   12 69551.714321 64599.457638
 328   -1    1   13 69678.545512 64413.986193
 328   -1    1   14 67354.149678 62521.607099
 328   -1    1   16 68178.624045 63472.042934
 328   -1    1   17 69875.304284 64661.768608
 328   -1    1   18 65495.716026 60163.826614
 328    1    2   21 66112.225743 61143.371109
 328    1    2   23 67712.194317 62645.885186
 328    1    2   24 65377.909087 60252.085844
 328    1    2   27 64925.357743 59721.653432
 328    1    2   28 63445.511275 58417.252657
 328    1    2   29 70508.661353 65438.902898
 328    1    2   30 68104.894222 63298.848352
 328    1    2   35 72045.570085 67016.372835
 328    1    2   37 65096.169450 60215.159921
 328    1    2   39 63045.125598 58066.620422
 328   -1    2   22 66984.177189 62084.756724
 328   -1    2   25 64580.572598 59951.295107
 328   -1    2   26 63220.217309 58589.911094
 328   -1    2   31 64648.706414 59974.498285
 328   -1    2   32 64909.047738 59745.603724
 328   -1    2   33 60509.207080 56293.458633
 328   -1    2   34 68754.599515 63637.775852
 328   -1    2   36 65350.934495 60627.675285
 328   -1    2   38 65753.303690 60586.958092
 328   -1    2   40 63755.530889 58819.066535
 334    1    1    5 69359.258988 64345.829247
 334    1    1    6 68477.169809 64334.295778
 334    1    1    8 70385.302669 65845.729854
 334    1    1   11 70082.843261 65114.737870
 334    1    1   12 70104.150773 64602.551902
 334    1    1   13 70405.238641 65610.369423
 334    1    1   14 70509.136479 65663.400764
 334    1    1   16 68900.945271 63815.956737
 334    1    1   18 68632.048289 63477.915432
 334    1    1   20 66880.333988 61767.759843
 334   -1    1    1 68336.761517 63397.524230
 334   -1    1    2 71429.095502 66043.115744
 334   -1    1    3 70438.296286 65066.768349
 334   -1    1    4 69990.597713 64511.671605
 334   -1    1    7 73593.748357 68890.532845
 334   -1    1    9 75228.666133 70434.705110
 334   -1    1   10 71819.600316 66464.883647
 334   -1    1   15 71251.832863 66461.753324
 334   -1    1   17 65208.901880 61122.131436
 334   -1    1   19 63571.914542 58423.754393
 334    1    2   23 69467.169319 64718.579312
 334    1    2   25 71251.807281 65992.634948
 334    1    2   26 72339.393876 67248.379007
 334    1    2   28 69080.874301 64091.946489
 334    1    2   30 64754.455312 59593.533497
 334    1    2   34 64943.687796 59592.904788
 334    1    2   36 61112.659059 56483.368905
 334    1    2   37 57526.554193 52776.033815
 334    1    2   39 63342.372867 58703.227211
 334    1    2   40 57181.991088 52871.489027
 334   -1    2   21 64896.388130 59602.416656
 334   -1    2   22 61445.708669 56758.273306
 334   -1    2   24 70942.429215 65799.429888
 334   -1    2   27 69075.293778 64591.153956
 334   -1    2   29 58472.458771 53995.142310
 334   -1    2   31 63834.319766 59331.966262
 334   -1    2   32 62359.623690 57304.826644
 334   -1    2   33 63610.928853 58622.251065
 334   -1    2   35 69877.347850 65533.842797
 334   -1    2   38 63122.723020 58600.903775
 336    1    1    4 63875.685503 58555.289432
 336    1    1    5 70691.650104 65507.900912
 336    1    1    6 64762.600406 59525.415700
 336    1    1    8 72311.896690 66690.022155
 336    1    1    9 72077.044948 66351.985252
 336    1    1   12 60562.784332 55489.644776
 336    1    1   14 65421.804184 60260.641862
 336    1    1   15 64676.433544 59908.236297
 336    1    1   17 65337.125413 59915.082962
 336    1    1   18 68672.930066 63119.450017
 336   -1    1    1 64757.039417 59427.512285
 336   -1    1    2 66346.541839 60904.888793
 336   -1    1    3 68688.863767 63414.690332
 336   -1    1    7 69807.914424 64058.934062
 336   -1    1   10 68879.126218 63269.031096
 336   -1    1   11 69914.834277 64403.236205
 336   -1    1   13 66178.011282 60880.398792
 336   -1    1   16 73834.251925 68073.481090
 336   -1    1   19 65407.715209 59873.819025
 336   -1    1   20 63396.478586 58836.029132
 336    1    2   24 70302.050734 64746.381599
 336    1    2   25 71462.938627 65931.341657
 336    1    2   27 66493.916311 61200.494597
 336    1    2   28 73273.244030 67424.889658
 336    1    2   29 71944.814073 66445.437236
 336    1    2   31 69959.378618 64901.988951
 336    1    2   32 70810.752654 65158.861722
 336    1    2   33 66741.867055 61025.249432
 336    1    2   35 62391.522964 57286.612150
 336    1    2   40 65115.991579 60246.268286
 336   -1    2   21 62847.217035 58118.938483
 336   -1    2   22 68277.778149 63014.184373
 336   -1    2   23 65917.421784 60917.628566
 336   -1    2   26 65562.880902 60434.583371
 336   -1    2   30 74388.911754 68476.120343
 336   -1    2   34 63096.306225 57503.795469
 336   -1    2   36 65524.808375 60567.956219
 336   -1    2   37 63964.184979 58789.386187
 336   -1    2   38 66611.387443 61177.059624
 336   -1    2   39 69378.210098 64243.646279
 343    1    1    1 68861.468641 64257.608800
 343    1    1    2 72124.047857 66500.024408
 343    1    1    3 70533.733476 64884.492257
 343    1    1    4 71233.540248 65791.180547
 343    1    1    6 69840.424501 64536.829643
 343    1    1    7 70313.702264 65541.522200
 343    1    1    8 69259.900721 63673.444828
 343    1    1   10 63611.493318 58325.573186
 343    1    1   11 67487.898489 62148.270108
 343    1    1   12 68358.279975 63338.985710
 343   -1    1    5 73524.236780 67919.150895
 343   -1    1    9 67667.555334 62237.016764
 343   -1    1   13 67140.093783 61677.801638
 343   -1    1   14 66392.899652 61267.456529
 343   -1    1   15 66287.266034 60832.732567
 343   -1    1   16 69687.722528 64381.059461
 343   -1    1   17 68433.398761 63720.212013
 343   -1    1   18 65635.463544 60277.896328
 343   -1    1   19 66014.160762 60823.118789
 343   -1    1   20 65796.593765 60561.402441
 343    1    2   22 68007.915271 62973.557697
 343    1    2   23 65935.007317 60780.731910
 343    1    2   27 63431.360151 58682.970905
 343    1    2   28 63759.938717 58587.380098
 343    1    2   31 63488.824950 58327.456695
 343    1    2   32 64957.746967 59644.928354
 343    1    2   33 65228.166754 60336.154052
 343    1    2   34 60160.007176 55155.432829
 343    1    2   37 65211.505692 60388.055370
 343    1    2   39 66692.015218 61265.115401
 343   -1    2   21 68374.821590 63042.168989
 343   -1    2   24 67443.689060 62322.098371
 343   -1    2   25 66507.786840 61132.448566
 343   -1    2   26 64864.820304 60026.518776
 343   -1    2   29 63156.980955 58201.323766
 343   -1    2   30 61384.159212 56577.075399
 343   -1    2   35 66458.781119 61480.361512
 343   -1    2   36 63355.266046 58040.908185
 343   -1    2   38 71343.667530 66153.603090
 343   -1    2   40 68549.988734 63733.993670
 346    1    1    5 72246.305221 67353.562778
 346    1    1    6 71577.802627 66521.575953
 346    1    1    8 70849.726540 66142.750604
 346    1    1    9 70775.838127 65940.565771
 346    1    1   10 68104.921949 63178.689665
 346    1    1   12 73209.414784 68302.753163
 346    1    1   13 73712.887729 68343.066285
 346    1    1   15 73895.054333 68327.784770
 346    1    1   16 73607.137539 68781.100325
 346    1    1   17 69755.929023 64534.149430
 346   -1    1    1 65602.485547 60231.392341
 346   -1    1    2 70904.280544 65883.429930
 346   -1    1    3 69343.944376 64283.367457
 346   -1    1    4 67771.038805 62830.784916
 346   -1    1    7 69412.299569 64379.697031
 346   -1    1   11 68835.777193 63863.265857
 346   -1    1   14 71329.880174 66050.476640
 346   -1    1   18 69138.426748 63788.981630
 346   -1    1   19 66247.538215 61011.113755
 346   -1    1   20 62696.361846 57567.396005
 346    1    2   21 71464.827816 66307.520307
 346    1    2   23 75419.894246 70624.950370
 346    1    2   25 75440.859937 70145.818437
 346    1    2   27 70014.129023 65185.354447
 346    1    2   30 74446.141066 69361.500683
 346    1    2   32 61750.650940 57402.077600
 346    1    2   33 62182.925216 57253.245049
 346    1    2   35 72232.195070 66873.072051
 346    1    2   37 71497.471727 66479.344278
 346    1    2   38 60090.286835 55266.549181
 346   -1    2   22 68682.797576 63217.445890
 346   -1    2   24 61980.241304 57171.988493
 346   -1    2   26 65730.345250 60734.390659
 346   -1    2   28 73046.853049 67874.995051
 346   -1    2   29 70274.548858 65506.271648
 346   -1    2   31 71655.164861 66071.585005
 346   -1    2   34 58560.932572 53700.456742
 346   -1    2   36 68869.699968 64100.255413
 346   -1    2   39 63969.259530 59498.074170
 346   -1    2   40 62061.248882 57002.531725
 350    1    1    1 61026.329383 56259.142766
 350    1    1    3 64014.410309 59236.723162
 350    1    1    5 68228.577008 63526.712211
 350    1    1    7 68474.687682 63288.709836
 350    1    1    9 65733.108889 60977.807444
 350    1    1   11 66135.416222 61224.373837
 350    1    1   12 70025.976841 64899.008600
 350    1    1   14 62751.911511 58011.014480
 350    1    1   15 64828.101441 59898.174871
 350    1    1   19 65452.184264 60798.629842
 350   -1    1    2 65646.911308 60243.067950
 350   -1    1    4 70765.022399 65379.306563
 350   -1    1    6 67878.542677 62556.960386
 350   -1    1    8 68999.053265 63988.184906
 350   -1    1   10 68276.613224 63639.768682
 350   -1    1   13 65740.326589 61004.902321
 350   -1    1   16 68919.761955 64016.524791
 350   -1    1   17 66816.332216 61783.950208
 350   -1    1   18 65011.602112 59910.482384
 350   -1    1   20 66889.758037 61826.425533
 350    1    2   21 61344.120069 56714.889820
 350    1    2   23 68807.715543 63883.890784
 350    1    2   24 70057.328785 65006.482951
 350    1    2   25 71869.951989 66595.053857
 350    1    2   27 65368.815781 60390.731582
 350    1    2   32 69986.439127 64640.954553
 350    1    2   33 69609.511056 64849.943517
 350    1    2   36 70730.773734 64931.968577
 350    1    2   38 71855.089063 66393.314005
 350    1    2   40 68704.957503 63309.414042
 350   -1    2   22 69093.474819 64067.727807
 350   -1    2   26 69263.085175 64789.020717
 350   -1    2   28 67529.822494 62578.573706
 350   -1    2   29 67629.182195 62602.312941
 350   -1    2   30 67262.029573 62279.672841
 350   -1    2   31 67604.738311 62755.801815
 350   -1    2   34 69414.422739 64031.308269
 350   -1    2   35 71233.912432 65825.946777
 350   -1    2   37 70953.226905 65791.297421
 350   -1    2   39 72528.901852 67338.798364
 351    1    1    1 69967.418206 64419.028026
 351    1    1    5 60759.795415 56038.541299
 351    1    1    6 68902.753508 64030.158378
 351    1    1    7 69907.953747 64732.670977
 351    1    1    9 72826.389941 67565.925737
 351    1    1   10 69912.363166 64312.404122
 351    1    1   11 72066.678254 66487.709567
 351    1    1   13 65020.140819 60039.838184
 351    1    1   14 69100.982298 63727.892768
 351    1    1   16 68843.600439 63559.324858
 351   -1    1    2 68583.967987 63108.611859
 351   -1    1    3 67888.817351 63088.550195
 351   -1    1    4 67524.504106 62070.619853
 351   -1    1    8 70356.700809 64529.313386
 351   -1    1   12 63532.583410 57971.524196
 351   -1    1   15 67734.594478 62381.074334
 351   -1    1   17 62890.178066 57550.089979
 351   -1    1   18 75518.515495 69715.028824
 351   -1    1   19 67730.031770 61826.045560
 351   -1    1   20 66213.601487 60690.847950
 351    1    2   22 68773.838575 63304.950871
 351    1    2   25 67086.896625 62759.305891
 351    1    2   27 67811.182241 62712.131753
 351    1    2   29 63334.670825 58122.270384
 351    1    2   30 71695.766175 67532.701268
 351    1    2   31 63405.305064 59117.964494
 351    1    2   32 64633.715525 59690.794061
 351    1    2   33 64697.992405 59422.289795
 351    1    2   34 71726.963438 66006.889969
 351    1    2   38 62113.883335 57150.491709
 351   -1    2   21 66557.336015 60968.864730
 351   -1    2   23 66616.166502 61529.731197
 351   -1    2   24 61922.594515 56971.123655
 351   -1    2   26 64205.614650 59042.122572
 351   -1    2   28 64046.758758 58656.534987
 351   -1    2   35 60389.329261 55427.543094
 351   -1    2   36 58823.519621 54011.232915
 351   -1    2   37 63212.948299 58939.097368
 351   -1    2   39 59466.657109 54570.968755
 351   -1    2   40 63276.507890 57933.469797
 354    1    1    5 63409.495303 58417.243844
 354    1    1    6 64926.394709 59813.561429
 354    1    1    7 69869.200344 64716.459384
 354    1    1    9 65947.294528 61325.635899
 354    1    1   10 67397.797882 62825.150198
 354    1    1   15 68602.996304 63401.338902
 354    1    1   16 67286.823423 62309.017199
 354    1    1   17 66269.581738 61168.061270
 354    1    1   19 66806.908451 61897.157588
 354    1    1   20 70306.306895 64875.048080
 354   -1    1    1 63999.327153 59595.841183
 354   -1    1    2 66294.917564 61278.587860
 354   -1    1    3 64464.282425 59585.769143
 354   -1    1    4 67403.625261 62239.537709
 354   -1    1    8 69034.248142 63580.408913
 354   -1    1   11 65796.864447 60635.071590
 354   -1    1   12 64709.360730 59570.838096
 354   -1    1   13 63782.122971 58610.251556
 354   -1    1   14 64210.300371 59175.749663
 354   -1    1   18 65857.828382 60846.682466
 354    1    2   21 69153.415072 63546.364089
 354    1    2   22 71394.885018 66140.318691
 354    1    2   25 69158.081693 63826.342628
 354    1    2   26 67379.622897 62283.761654
 354    1    2   28 66666.964300 61544.564642
 354    1    2   29 68771.173288 63475.553456
 354    1    2   30 68056.801116 62824.704828
 354    1    2   31 72145.228319 66867.316225
 354    1    2   32 70703.243894 65681.817140
 354    1    2   37 69841.484527 64649.495151
 354   -1    2   23 65713.460652 60356.820588
 354   -1    2   24 67134.904386 61927.749064
 354   -1    2   27 66751.056139 61331.754869
 354   -1    2   33 68531.470810 63028.467612
 354   -1    2   34 70145.000302 64808.611218
 354   -1    2   35 65841.142892 60535.861162
 354   -1    2   36 71901.422163 66698.405449
 354   -1    2   38 69977.431424 64562.516879
 354   -1    2   39 69302.996671 64003.401373
 354   -1    2   40 69728.473510 64362.035088
 356    1    1    3 70272.893177 64668.616551
 356    1    1    4 76132.212135 70536.342580
 356    1    1    7 62695.358659 57544.088920
 356    1    1   10 65698.813108 60703.396206
 356    1    1   12 67011.298846 62414.667009
 356    1    1   13 63912.950755 58721.033774
 356    1    1   14 64792.363576 59587.768557
 356    1    1   15 64582.733923 59242.512210
 356    1    1   18 69814.120115 64482.127256
 356    1    1   20 67814.455873 62710.744154
 356   -1    1    1 74082.159694 68878.104645
 356   -1    1    2 78581.516987 72910.679914
 356   -1    1    5 69094.534635 64035.899538
 356   -1    1    6 68463.125327 63090.721292
 356   -1    1    8 65876.567114 60779.680340
 356   -1    1    9 60185.311268 55106.756319
 356   -1    1   11 67701.866153 62741.242042
 356   -1    1   16 71163.774870 65526.245262
 356   -1    1   17 65323.688258 59784.441895
 356   -1    1   19 68411.142522 62975.157193
 356    1    2   23 62715.712553 57759.346405
 356    1    2   24 64066.216696 59122.689485
 356    1    2   25 66563.820427 61573.514298
 356    1    2   29 69093.547530 63731.919190
 356    1    2   30 68510.313948 63614.575627
 356    1    2   31 66164.479344 61141.931055
 356    1    2   32 67649.026687 62318.910225
 356    1    2   33 69438.234678 63770.437903
 356    1    2   39 68430.992211 62703.588748
 356    1    2   40 72023.933970 67115.333665
 356   -1    2   21 71269.460383 65931.149066
 356   -1    2   22 63654.298226 58322.104913
 356   -1    2   26 62974.961282 58060.963730
 356   -1    2   27 61734.889551 56923.438280
 356   -1    2   28 65772.815536 60918.034334
 356   -1    2   34 66686.549476 61917.259486
 356   -1    2   35 67812.044147 62523.162543
 356   -1    2   36 69773.864333 64528.148947
 356   -1    2   37 66718.146096 61281.020060
 356   -1    2   38 70506.508644 64898.613043
