          ID           CS    Hemiblock        Trial          AUC   AUC_500lag
 104    1    1    2 48514.400978 43469.044543
 104    1    1    4 51036.278851 45915.742629
 104    1    1   10 52081.075068 47294.951590
 104    1    1   12 47143.166041 42191.885998
 104    1    1   13 47757.194497 42628.449248
 104    1    1   14 47116.796037 42365.357479
 104    1    1   15 47731.995094 43144.135995
 104    1    1   16 49748.392054 45050.701860
 104    1    1   18 45377.441356 40712.153743
 104    1    1   20 45960.644533 41393.733561
 104   -1    1    1 44431.862480 40027.457206
 104   -1    1    3 50135.512908 45019.440151
 104   -1    1    5 51601.679675 46306.187827
 104   -1    1    6 53640.846980 48916.285964
 104   -1    1    7 55286.374041 49596.406026
 104   -1    1    8 52492.654998 47335.493802
 104   -1    1    9 53253.813976 48001.586827
 104   -1    1   11 48256.871264 43696.584448
 104   -1    1   17 44315.897098 39654.643691
 104   -1    1   19 44959.335323 40470.008563
 104    1    2   21 47079.250104 42595.518448
 104    1    2   22 45063.805179 40738.393129
 104    1    2   24 50270.544531 45648.659444
 104    1    2   25 47372.810793 42710.142205
 104    1    2   26 46321.617255 41881.328223
 104    1    2   28 50621.354513 45843.743702
 104    1    2   31 49940.577310 45294.790316
 104    1    2   32 52427.935407 46894.766457
 104    1    2   34 49419.453430 44488.613406
 104    1    2   40 46172.205161 41525.073541
 104   -1    2   23 47373.641112 42336.287868
 104   -1    2   27 50988.123707 46034.060981
 104   -1    2   29 47940.808792 43124.607696
 104   -1    2   30 46893.244589 41669.458760
 104   -1    2   33 53429.370914 47916.977496
 104   -1    2   35 52566.822187 47267.681566
 104   -1    2   36 48852.050261 44127.637556
 104   -1    2   37 45238.669169 40701.966615
 104   -1    2   38 48947.301982 44200.226354
 104   -1    2   39 46271.296630 42039.228806
 109    1    1    1 51974.084214 47237.002565
 109    1    1    5 55529.205400 50251.728262
 109    1    1    7 53860.705647 48229.808080
 109    1    1    8 55756.849759 49984.182533
 109    1    1   11 48166.636634 42919.002875
 109    1    1   13 45383.661108 40540.971431
 109    1    1   14 45252.939629 40761.881913
 109    1    1   15 45145.795168 40726.575660
 109    1    1   16 43413.302962 38854.749422
 109    1    1   17 45100.647312 40980.418593
 109   -1    1    2 52075.825507 46400.426106
 109   -1    1    3 52882.245233 47449.720136
 109   -1    1    4 50597.100147 45275.620738
 109   -1    1    6 50098.583067 44969.055259
 109   -1    1    9 57212.961965 51274.576075
 109   -1    1   10 53535.285266 48171.366433
 109   -1    1   12 48790.869558 43775.309687
 109   -1    1   18 43640.780880 39276.291319
 109   -1    1   19 44785.641708 40492.736807
 109   -1    1   20 43806.593815 39313.895571
 109    1    2   21 45690.878671 41037.977130
 109    1    2   22 46119.686276 41657.445510
 109    1    2   24 56549.160740 51044.902066
 109    1    2   25 48743.499770 43499.321559
 109    1    2   26 49181.540117 44325.848857
 109    1    2   27 46408.316731 41794.772804
 109    1    2   32 45342.331271 41109.797875
 109    1    2   36 48066.909761 43129.956613
 109    1    2   37 50943.363445 45604.399958
 109    1    2   40 48287.797772 43215.639396
 109   -1    2   23 45502.538410 40654.097556
 109   -1    2   28 54121.720047 48152.756094
 109   -1    2   29 45062.731434 40526.169152
 109   -1    2   30 46729.255989 41701.746035
 109   -1    2   31 45910.218504 40927.684957
 109   -1    2   33 42242.064857 37660.769593
 109   -1    2   34 46340.324095 41244.082856
 109   -1    2   35 53504.618175 48420.169756
 109   -1    2   38 55273.891262 49783.050158
 109   -1    2   39 47179.343104 42611.430465
 112    1    1    2 49026.427857 44262.979951
 112    1    1    6 52354.256136 47236.026641
 112    1    1    9 51362.816900 46264.968838
 112    1    1   10 53536.844135 48255.304703
 112    1    1   12 53679.559101 48535.484290
 112    1    1   13 52063.882395 47143.309048
 112    1    1   14 52272.711362 47116.096229
 112    1    1   15 51354.249219 46350.603375
 112    1    1   16 53258.842944 48161.005525
 112    1    1   18 46198.782258 41840.782866
 112   -1    1    1 42734.178148 38730.968839
 112   -1    1    3 48603.023765 43611.029502
 112   -1    1    4 50437.209007 45388.938655
 112   -1    1    5 50622.101384 45332.904519
 112   -1    1    7 52513.818970 47255.340629
 112   -1    1    8 50057.741006 44877.104771
 112   -1    1   11 53129.312352 47651.100829
 112   -1    1   17 50986.133925 45799.512918
 112   -1    1   19 46309.315276 42211.695070
 112   -1    1   20 47752.413831 43131.638514
 112    1    2   21 49920.991986 45108.536869
 112    1    2   23 49719.138682 45024.226391
 112    1    2   26 49592.910612 44779.843388
 112    1    2   29 49817.647454 44849.259006
 112    1    2   30 50013.928063 45102.288792
 112    1    2   32 53707.470321 48325.075792
 112    1    2   34 51276.447120 46115.179384
 112    1    2   35 52361.812779 47350.600626
 112    1    2   37 51225.703763 46386.810096
 112    1    2   40 51274.138679 46165.225789
 112   -1    2   22 49301.088076 44356.743265
 112   -1    2   24 52915.052673 47683.067706
 112   -1    2   25 50517.684807 45764.038218
 112   -1    2   27 52317.808232 47152.569521
 112   -1    2   28 50438.202385 45592.794313
 112   -1    2   31 53455.190807 48554.385310
 112   -1    2   33 50542.146330 45481.005306
 112   -1    2   36 52953.256766 47500.830823
 112   -1    2   38 52586.270789 47152.020703
 112   -1    2   39 49752.047522 44950.066785
 113    1    1    1 44211.358817 39814.595978
 113    1    1    3 54269.235311 48934.058080
 113    1    1    6 54277.859336 48595.417855
 113    1    1    8 53529.857694 48014.270752
 113    1    1    9 56280.547683 50700.554848
 113    1    1   11 49277.554560 44190.792387
 113    1    1   12 50205.874145 44812.864677
 113    1    1   14 46143.624057 41337.792496
 113    1    1   16 48989.771169 43911.306511
 113    1    1   20 44313.076884 39718.540107
 113   -1    1    2 49474.831038 44025.630541
 113   -1    1    4 54528.581144 49206.379054
 113   -1    1    5 53468.669729 48294.777118
 113   -1    1    7 51555.797126 46162.721094
 113   -1    1   10 53242.102792 47822.191002
 113   -1    1   13 51535.218092 46636.954694
 113   -1    1   15 50946.140938 45667.853871
 113   -1    1   17 47531.621764 42595.190087
 113   -1    1   18 45049.832944 40417.373635
 113   -1    1   19 46812.482927 41804.741334
 113    1    2   22 46485.296418 41422.166386
 113    1    2   23 48969.812375 44273.150148
 113    1    2   25 50334.046648 45278.924069
 113    1    2   26 48768.491083 43710.140957
 113    1    2   28 47792.978311 42817.588413
 113    1    2   29 48897.256091 44550.239478
 113    1    2   30 50597.089716 46105.822832
 113    1    2   31 54054.930134 48929.737497
 113    1    2   33 53097.243838 47703.107414
 113    1    2   37 47778.876088 43272.452041
 113   -1    2   21 45397.880555 40506.806753
 113   -1    2   24 48590.449893 43956.763082
 113   -1    2   27 49374.583413 44200.402031
 113   -1    2   32 50845.187712 45619.350733
 113   -1    2   34 46238.816719 41933.330456
 113   -1    2   35 45659.256551 41511.305816
 113   -1    2   36 50014.297001 44904.698982
 113   -1    2   38 47116.195280 42826.903583
 113   -1    2   39 49918.591374 44599.362544
 113   -1    2   40 48809.561679 44067.663796
 114    1    1    3 47537.490531 43056.742479
 114    1    1    7 47966.048818 43611.989745
 114    1    1    8 46055.147997 40741.063145
 114    1    1   10 47505.905071 43382.627875
 114    1    1   12 47397.876965 42876.871525
 114    1    1   13 45509.726838 40810.307465
 114    1    1   15 45313.878446 40971.256597
 114    1    1   16 44474.348102 39744.500711
 114    1    1   18 49998.257714 45183.010941
 114    1    1   20 48224.449554 43073.152344
 114   -1    1    1 45967.365555 41471.568258
 114   -1    1    2 50630.439808 45285.611683
 114   -1    1    4 46829.212735 41997.083300
 114   -1    1    5 52917.584760 47890.287594
 114   -1    1    6 52823.852482 47410.702797
 114   -1    1    9 47615.568652 42814.497861
 114   -1    1   11 47939.129882 43395.829399
 114   -1    1   14 44030.702922 39873.732589
 114   -1    1   17 43918.547207 39808.481332
 114   -1    1   19 50892.163652 45679.826809
 114    1    2   21 46296.230975 41390.292800
 114    1    2   22 48370.748962 43647.936258
 114    1    2   25 49857.797661 45320.658191
 114    1    2   26 47729.633827 42755.263991
 114    1    2   30 57489.323267 51780.027926
 114    1    2   32 47012.291236 41642.787550
 114    1    2   37 53732.548481 48353.767714
 114    1    2   38 50492.123688 45418.616910
 114    1    2   39 48503.857090 43607.032725
 114    1    2   40 45539.154845 40824.220338
 114   -1    2   23 51800.765790 46331.810072
 114   -1    2   24 52627.040922 47438.278736
 114   -1    2   27 42520.323876 38173.915817
 114   -1    2   28 51584.444502 46347.441978
 114   -1    2   29 51817.019762 47146.433338
 114   -1    2   31 53833.448671 48273.870900
 114   -1    2   33 45114.212659 40471.096352
 114   -1    2   34 45534.714754 40538.886739
 114   -1    2   35 44602.185755 40225.709201
 114   -1    2   36 54845.974074 49689.239673
 117    1    1    1 44361.630741 40108.744076
 117    1    1    2 51866.633394 46532.685132
 117    1    1    5 51143.842695 45982.322848
 117    1    1    7 51795.697933 46069.715682
 117    1    1   10 51454.355579 45937.745511
 117    1    1   13 52964.018220 47161.402117
 117    1    1   14 46171.170859 41232.921593
 117    1    1   15 46431.756566 41830.492283
 117    1    1   16 48152.315624 43181.386797
 117    1    1   20 45538.753198 41141.123583
 117   -1    1    3 53419.827087 47825.280791
 117   -1    1    4 54775.238827 49093.104248
 117   -1    1    6 51059.298733 45359.883857
 117   -1    1    8 50305.195113 45279.610109
 117   -1    1    9 53810.632200 47989.549962
 117   -1    1   11 54216.766481 48739.862448
 117   -1    1   12 55253.619352 49480.131255
 117   -1    1   17 48171.592808 42668.772188
 117   -1    1   18 47098.518000 42439.436010
 117   -1    1   19 48229.962336 43226.150164
 117    1    2   23 45048.602917 40515.945788
 117    1    2   24 46259.723003 41695.193549
 117    1    2   25 47127.146554 42362.939846
 117    1    2   30 43956.799226 39572.657770
 117    1    2   31 43392.191617 38653.514949
 117    1    2   32 45295.741773 40657.704184
 117    1    2   34 47509.143498 42437.917854
 117    1    2   35 46767.303500 42042.718571
 117    1    2   36 46938.218636 41929.286514
 117    1    2   37 46143.754044 41541.275847
 117   -1    2   21 43504.923991 38862.881100
 117   -1    2   22 47730.141243 42851.255525
 117   -1    2   26 41322.757174 37171.071392
 117   -1    2   27 40389.152728 36336.329476
 117   -1    2   28 41017.130303 36866.180644
 117   -1    2   29 44053.370003 39678.688664
 117   -1    2   33 47559.979193 43168.064300
 117   -1    2   38 45997.697020 40994.966000
 117   -1    2   39 44856.589882 39927.295730
 117   -1    2   40 45207.147589 40678.863351
 118    1    1    2 54864.271559 48934.635476
 118    1    1    5 47165.225250 42388.129173
 118    1    1   10 47081.490165 42266.396446
 118    1    1   11 54261.484655 49135.185071
 118    1    1   12 50088.005596 44473.841646
 118    1    1   13 45748.577318 40604.485491
 118    1    1   14 42477.120941 38173.867965
 118    1    1   17 52519.410554 47196.737011
 118    1    1   18 56467.684916 50992.791126
 118    1    1   20 51229.207291 46129.485601
 118   -1    1    1 48601.828227 44286.804907
 118   -1    1    3 50519.766006 44760.071062
 118   -1    1    4 48175.870755 42951.305639
 118   -1    1    6 45773.290656 41182.322745
 118   -1    1    7 44937.570258 40048.371454
 118   -1    1    8 44014.911857 39442.221274
 118   -1    1    9 49540.708389 44013.830851
 118   -1    1   15 47129.397323 41977.788253
 118   -1    1   16 50263.828338 44652.928982
 118   -1    1   19 46429.150448 41221.267340
 118    1    2   22 47351.109727 42529.623169
 118    1    2   23 45611.929973 40636.882961
 118    1    2   24 43253.393183 38606.184150
 118    1    2   25 46123.724679 41568.703231
 118    1    2   30 41583.538767 37265.520558
 118    1    2   31 40453.728233 36428.032690
 118    1    2   32 44323.799103 39977.875627
 118    1    2   34 55736.449656 50127.580828
 118    1    2   35 58808.518698 52903.553273
 118    1    2   36 53761.629908 48236.434039
 118   -1    2   21 49976.248324 44663.177526
 118   -1    2   26 51854.137597 46626.657412
 118   -1    2   27 43005.988756 38863.412720
 118   -1    2   28 52143.413441 46878.972935
 118   -1    2   29 54863.251153 49525.862548
 118   -1    2   33 48558.755469 43959.530478
 118   -1    2   37 51064.510950 46198.296766
 118   -1    2   38 57094.426806 51511.193815
 118   -1    2   39 48622.664387 42673.511982
 118   -1    2   40 42693.400674 38034.157504
 123    1    1    1 44014.828644 40014.120685
 123    1    1    2 49240.533133 44291.666021
 123    1    1    4 50007.404040 45150.921057
 123    1    1    6 51970.737972 47191.406124
 123    1    1    9 48194.965379 43409.816975
 123    1    1   11 45420.069848 40581.185657
 123    1    1   12 49710.264854 44459.006870
 123    1    1   15 51238.162543 45920.794573
 123    1    1   17 49363.179682 44054.487817
 123    1    1   20 44383.275647 39538.071337
 123   -1    1    3 51695.216967 46674.568083
 123   -1    1    5 51817.453051 46487.405082
 123   -1    1    7 52950.744783 47718.643377
 123   -1    1    8 50173.876273 45327.370230
 123   -1    1   10 49748.783050 44992.426711
 123   -1    1   13 49619.291800 44543.418577
 123   -1    1   14 51008.239285 45862.009693
 123   -1    1   16 53630.140351 48965.488391
 123   -1    1   18 48837.665957 44174.242119
 123   -1    1   19 50651.045490 45072.555238
 123    1    2   21 49536.561494 44312.546263
 123    1    2   25 46149.224738 41264.607260
 123    1    2   26 48692.371427 43357.962814
 123    1    2   28 50171.503727 44777.964777
 123    1    2   30 48835.525433 43504.306030
 123    1    2   31 45777.136490 40606.318603
 123    1    2   33 50110.841051 44725.562105
 123    1    2   35 49290.464840 43759.929646
 123    1    2   37 44596.149871 40472.540990
 123    1    2   38 50323.316419 45385.282860
 123   -1    2   22 51768.397052 46601.921651
 123   -1    2   23 50414.264830 46157.828238
 123   -1    2   24 47799.568541 43731.992018
 123   -1    2   27 50399.955909 46127.618838
 123   -1    2   29 51721.683687 46410.122018
 123   -1    2   32 50904.258248 46355.096179
 123   -1    2   34 52262.515259 47118.547586
 123   -1    2   36 48861.235753 43680.895370
 123   -1    2   39 51167.307121 45830.865940
 123   -1    2   40 50577.026577 45058.293637
 124    1    1    1 50565.643846 45938.831574
 124    1    1    5 53626.815628 48317.551886
 124    1    1    8 53245.094399 48077.323605
 124    1    1    9 53944.748492 48501.190976
 124    1    1   10 48980.811222 43750.859769
 124    1    1   11 48163.955514 43355.273271
 124    1    1   13 53881.798309 48646.797834
 124    1    1   14 55556.896537 50213.253013
 124    1    1   16 47893.945678 43014.097506
 124    1    1   17 48106.763475 43381.123909
 124   -1    1    2 52922.197373 47498.625543
 124   -1    1    3 53377.943587 47997.390418
 124   -1    1    4 51658.577209 46209.104531
 124   -1    1    6 50886.979515 45418.051840
 124   -1    1    7 49730.154045 44499.667217
 124   -1    1   12 50417.903079 45155.469550
 124   -1    1   15 48962.372498 43572.906271
 124   -1    1   18 40604.031227 36103.861714
 124   -1    1   19 45614.803946 41253.824542
 124   -1    1   20 40784.719279 36595.029371
 124    1    2   21 41833.082857 37081.519949
 124    1    2   22 49171.876216 44398.467625
 124    1    2   26 55164.337072 49830.778326
 124    1    2   29 46028.341852 41749.141013
 124    1    2   30 44547.950988 40285.448899
 124    1    2   31 46379.411832 41959.064806
 124    1    2   32 49225.331346 44296.458801
 124    1    2   34 56407.816055 50678.720392
 124    1    2   37 51132.596140 46384.640556
 124    1    2   38 42270.935368 37633.165105
 124   -1    2   23 51564.778291 46318.769945
 124   -1    2   24 53468.931070 48076.740711
 124   -1    2   25 53141.474451 47596.927632
 124   -1    2   27 52632.840917 47032.261551
 124   -1    2   28 48336.166462 42487.381985
 124   -1    2   33 51322.749660 46345.297291
 124   -1    2   35 55706.271288 50288.912996
 124   -1    2   36 44874.668789 40015.913921
 124   -1    2   39 41887.032742 37684.408816
 124   -1    2   40 44322.670894 39859.527806
 125    1    1    8 53489.030171 48416.292226
 125    1    1    9 55578.988740 50027.955481
 125    1    1   11 54120.182636 48751.545945
 125    1    1   12 50033.779933 44670.163433
 125    1    1   13 54435.878648 48770.404332
 125    1    1   14 52266.419675 46766.157162
 125    1    1   15 54702.971086 49359.957518
 125    1    1   17 49499.653312 44796.479967
 125    1    1   19 50495.131600 45623.659430
 125    1    1   20 48167.340153 43277.034452
 125   -1    1    1 51612.963097 46831.570165
 125   -1    1    2 55381.329680 50085.481698
 125   -1    1    3 56271.177029 50409.204853
 125   -1    1    4 56611.797283 51195.124863
 125   -1    1    5 56781.356551 52003.467556
 125   -1    1    6 56056.179499 50396.206636
 125   -1    1    7 53182.954233 47970.447545
 125   -1    1   10 55816.586515 49996.438881
 125   -1    1   16 52681.538540 47186.215600
 125   -1    1   18 50852.003994 45765.013595
 125    1    2   22 48610.973752 44225.166505
 125    1    2   25 47929.092175 42913.903781
 125    1    2   26 47946.846524 42990.703775
 125    1    2   30 47893.702644 42907.439783
 125    1    2   31 48252.543447 43423.409752
 125    1    2   33 46489.921271 42142.608937
 125    1    2   34 47218.617676 43038.885795
 125    1    2   35 47787.415316 42778.364434
 125    1    2   37 44344.699506 39963.068853
 125    1    2   40 48410.673460 43465.813070
 125   -1    2   21 47342.334962 42263.401396
 125   -1    2   23 46136.786945 41894.514783
 125   -1    2   24 46170.271050 41606.289952
 125   -1    2   27 47463.924024 42344.475926
 125   -1    2   28 48044.313558 43332.253005
 125   -1    2   29 47871.313567 43467.495263
 125   -1    2   32 47195.098076 42510.187956
 125   -1    2   36 45424.592555 40699.776403
 125   -1    2   38 48044.702376 43766.716178
 125   -1    2   39 46108.931289 41155.360229
 128    1    1    2 53555.728930 47951.026892
 128    1    1    4 58081.795002 52359.653166
 128    1    1    5 58183.788155 52550.261325
 128    1    1    9 56448.516612 50718.309765
 128    1    1   11 55049.808046 49888.818957
 128    1    1   12 54742.889542 49188.501726
 128    1    1   13 53324.568743 47949.941614
 128    1    1   16 47795.145036 42654.588001
 128    1    1   19 52764.561976 47647.161083
 128    1    1   20 51842.252382 46370.849922
 128   -1    1    1 47355.672508 42728.857730
 128   -1    1    3 54824.227224 49262.024279
 128   -1    1    6 56451.760318 50501.770513
 128   -1    1    7 49816.175206 44334.096412
 128   -1    1    8 56576.730021 51004.021538
 128   -1    1   10 53959.569035 48222.907049
 128   -1    1   14 50097.872040 44430.843964
 128   -1    1   15 45920.247406 40401.980513
 128   -1    1   17 44752.806639 39602.262893
 128   -1    1   18 46716.363261 41712.872051
 128    1    2   23 48752.852935 43877.950825
 128    1    2   24 49522.434369 44448.682275
 128    1    2   25 50376.586594 45265.939192
 128    1    2   27 50767.688464 45817.150986
 128    1    2   29 48405.069166 43443.600084
 128    1    2   31 47276.870332 42445.683022
 128    1    2   32 47626.954386 42708.574199
 128    1    2   33 47115.376819 42437.534410
 128    1    2   34 50100.240916 44975.611251
 128    1    2   40 49370.827141 44355.038175
 128   -1    2   21 47047.038651 41944.703098
 128   -1    2   22 46638.996294 41671.819763
 128   -1    2   26 50611.519354 45247.408972
 128   -1    2   28 49632.816367 45042.593758
 128   -1    2   30 46756.799181 42020.621338
 128   -1    2   35 46245.490163 41012.975451
 128   -1    2   36 46340.703374 41464.543856
 128   -1    2   37 46783.036896 41768.646083
 128   -1    2   38 45422.685174 40489.373285
 128   -1    2   39 47393.760109 42399.465607
 129    1    1    1 42021.325549 38020.820477
 129    1    1    2 48064.276827 42881.617473
 129    1    1    3 50653.830078 45326.933670
 129    1    1    4 52015.497643 46871.504212
 129    1    1    5 52593.213185 47459.712610
 129    1    1    7 47805.391712 43073.244758
 129    1    1    9 49831.741672 44751.111588
 129    1    1   10 51019.185217 45799.984579
 129    1    1   12 50654.521223 45338.917459
 129    1    1   15 51136.303350 45790.970977
 129   -1    1    6 42974.929476 37686.276953
 129   -1    1    8 44089.904714 38926.666430
 129   -1    1   11 51777.724453 46633.207742
 129   -1    1   13 52219.578323 46862.956727
 129   -1    1   14 49654.798819 44702.746921
 129   -1    1   16 49402.168956 43904.110076
 129   -1    1   17 52553.834282 47107.632050
 129   -1    1   18 52507.165464 47835.146319
 129   -1    1   19 48637.841966 43335.723071
 129   -1    1   20 47856.771625 42740.850675
 129    1    2   23 50819.714766 45536.942594
 129    1    2   25 51099.236823 45820.430071
 129    1    2   29 52358.722990 46801.165951
 129    1    2   32 48752.007081 43597.568827
 129    1    2   34 51016.797352 45784.943998
 129    1    2   36 51573.835307 46319.618382
 129    1    2   37 51062.166834 45792.985320
 129    1    2   38 52386.606257 46988.381171
 129    1    2   39 52153.875007 46639.428389
 129    1    2   40 51163.740790 45731.114654
 129   -1    2   21 46579.796359 41553.289613
 129   -1    2   22 46505.464964 41670.349909
 129   -1    2   24 50397.070763 45085.472626
 129   -1    2   26 55468.068271 50001.503012
 129   -1    2   27 49849.440765 44898.957936
 129   -1    2   28 55780.917350 50245.923315
 129   -1    2   30 42509.676800 37074.312634
 129   -1    2   31 50682.466529 45606.736053
 129   -1    2   33 50276.632682 44959.105419
 129   -1    2   35 51163.160205 45875.331407
 133    1    1    1 43244.221400 39243.075842
 133    1    1    3 50694.973342 45581.717883
 133    1    1    6 49177.347600 43970.827838
 133    1    1    7 50562.205287 45499.137817
 133    1    1    8 51921.942743 46753.121564
 133    1    1    9 52371.774531 47062.750158
 133    1    1   10 54602.286869 49181.032063
 133    1    1   16 49805.837552 44517.828284
 133    1    1   18 51360.613300 46195.885004
 133    1    1   20 49432.924373 44418.258551
 133   -1    1    2 50237.933957 45291.301213
 133   -1    1    4 52524.058549 47560.264121
 133   -1    1    5 50686.275004 45650.727608
 133   -1    1   11 55846.215197 50460.984535
 133   -1    1   12 57462.024072 51878.199296
 133   -1    1   13 53097.571747 47679.453114
 133   -1    1   14 54454.178820 48939.888975
 133   -1    1   15 54709.722016 49255.650457
 133   -1    1   17 51005.841755 45777.410351
 133   -1    1   19 50900.368805 45986.615972
 133    1    2   21 50148.018690 45151.281957
 133    1    2   22 49952.466982 44778.577701
 133    1    2   28 50791.313433 45612.897275
 133    1    2   29 50627.318731 45730.125797
 133    1    2   31 51884.389650 46481.134100
 133    1    2   33 44811.944467 40160.518675
 133    1    2   34 46380.755471 41805.781655
 133    1    2   36 44596.146715 40208.522551
 133    1    2   38 47347.048073 42751.990739
 133    1    2   40 51789.502362 47000.319967
 133   -1    2   23 51686.925689 46587.131862
 133   -1    2   24 53468.858654 48095.330977
 133   -1    2   25 52556.789753 47561.067594
 133   -1    2   26 51764.099008 46685.080170
 133   -1    2   27 52977.764421 47565.609676
 133   -1    2   30 51538.786555 46415.878754
 133   -1    2   32 45438.473250 41292.117824
 133   -1    2   35 45937.407368 41101.081718
 133   -1    2   37 48919.434780 43988.595188
 133   -1    2   39 44727.291635 39782.273233
 142    1    1    4 50942.166645 45459.814636
 142    1    1    5 54111.208494 48586.413987
 142    1    1    6 53228.553794 47744.351399
 142    1    1    9 55050.430101 49501.171506
 142    1    1   10 54499.029774 49267.730371
 142    1    1   14 54270.314163 48829.425211
 142    1    1   16 50644.846088 45568.851000
 142    1    1   18 46634.420223 41394.428700
 142    1    1   19 47367.536824 42750.393844
 142    1    1   20 45997.128765 41837.861511
 142   -1    1    1 46818.550795 41973.262754
 142   -1    1    2 52169.143365 47055.160507
 142   -1    1    3 55010.962592 49483.169218
 142   -1    1    7 53533.677242 48044.013246
 142   -1    1    8 51939.058925 46363.721501
 142   -1    1   11 56407.086996 50694.971895
 142   -1    1   12 56214.624121 50486.412972
 142   -1    1   13 51895.620079 46545.470821
 142   -1    1   15 52749.360652 47284.429578
 142   -1    1   17 47384.208008 42637.676934
 142    1    2   22 49094.417150 43897.825165
 142    1    2   23 49297.203509 44203.333153
 142    1    2   27 50622.416946 45564.417185
 142    1    2   29 48478.530563 43830.969709
 142    1    2   31 40302.202771 36119.022630
 142    1    2   32 41443.738345 36813.235188
 142    1    2   35 49555.771053 44904.782189
 142    1    2   36 41351.619642 36937.596778
 142    1    2   37 40075.773154 35851.481012
 142    1    2   39 50992.783475 45903.764179
 142   -1    2   21 46247.112555 41587.893075
 142   -1    2   24 46162.409949 41639.199090
 142   -1    2   25 49316.381146 44630.855326
 142   -1    2   26 53095.995130 47663.106416
 142   -1    2   28 48423.641647 43221.662828
 142   -1    2   30 46206.149390 41168.024693
 142   -1    2   33 40967.739098 36703.764557
 142   -1    2   34 39757.947069 35756.936666
 142   -1    2   38 41156.959423 37141.151482
 142   -1    2   40 41001.996568 37001.528003
 146    1    1    1 43912.398884 39563.224734
 146    1    1    4 52485.570245 47175.644679
 146    1    1    6 52428.598667 47226.540889
 146    1    1   11 48962.595402 44038.768957
 146    1    1   12 50248.826121 44871.426398
 146    1    1   14 53335.539184 47935.678402
 146    1    1   15 52646.001213 47422.105615
 146    1    1   17 46705.052082 41959.600345
 146    1    1   19 47825.946759 43262.676897
 146    1    1   20 41792.292364 36965.339366
 146   -1    1    2 48582.907567 43862.438549
 146   -1    1    3 50954.832268 46050.033966
 146   -1    1    5 53219.162261 47747.311306
 146   -1    1    7 52096.777417 47143.201162
 146   -1    1    8 52583.268617 47009.341234
 146   -1    1    9 54163.588181 48657.801916
 146   -1    1   10 54340.986050 48625.028574
 146   -1    1   13 52207.505410 47330.155426
 146   -1    1   16 53993.197789 48422.103113
 146   -1    1   18 50711.736293 45168.994646
 146    1    2   21 45458.738217 40714.723534
 146    1    2   23 47739.085767 42827.337897
 146    1    2   24 49665.393438 44712.907134
 146    1    2   25 49798.412924 45091.414203
 146    1    2   27 45764.252930 40877.834000
 146    1    2   32 46593.166608 41721.288477
 146    1    2   34 45783.800587 40816.967645
 146    1    2   35 50049.445919 45291.767424
 146    1    2   39 49487.967479 44705.596946
 146    1    2   40 46725.185751 41884.383964
 146   -1    2   22 46705.015425 41954.081685
 146   -1    2   26 52712.798867 47252.761319
 146   -1    2   28 50958.233802 45913.382295
 146   -1    2   29 50551.138621 45212.114388
 146   -1    2   30 51566.869674 46694.958816
 146   -1    2   31 50566.534029 45258.744224
 146   -1    2   33 50541.595957 46359.522197
 146   -1    2   36 50371.010738 45648.382967
 146   -1    2   37 50114.764907 44654.113191
 146   -1    2   38 48815.621028 43746.320835
 147    1    1    1 48758.458458 43922.172914
 147    1    1    3 54795.555739 49289.896256
 147    1    1    6 53123.443227 47709.904579
 147    1    1    8 50782.102527 46442.019205
 147    1    1   11 52618.392581 47183.035363
 147    1    1   14 49976.270005 44870.929020
 147    1    1   15 48891.788038 43786.228533
 147    1    1   16 48751.222082 43671.681254
 147    1    1   17 52269.098055 47067.674922
 147    1    1   18 47481.768432 42554.777179
 147   -1    1    2 54459.460350 48919.563460
 147   -1    1    4 57811.999747 51825.171206
 147   -1    1    5 56517.286373 51053.419950
 147   -1    1    7 54895.947694 49340.199139
 147   -1    1    9 50369.055974 46040.608408
 147   -1    1   10 54197.051291 48837.552288
 147   -1    1   12 55414.078021 49700.543864
 147   -1    1   13 53058.975924 47515.977544
 147   -1    1   19 49246.442203 44241.325442
 147   -1    1   20 53326.089820 47752.948686
 147    1    2   22 48599.532034 43488.010376
 147    1    2   25 49840.358757 44814.029472
 147    1    2   26 48964.358536 43895.984501
 147    1    2   27 48454.414681 43237.455081
 147    1    2   28 50722.979060 45438.433211
 147    1    2   29 47704.715914 42790.250742
 147    1    2   30 50027.876618 45328.045463
 147    1    2   33 46446.126454 41670.043662
 147    1    2   34 48362.401232 43391.413178
 147    1    2   35 44262.758300 39413.128401
 147   -1    2   21 53105.538911 47740.931327
 147   -1    2   23 52948.132496 47728.143020
 147   -1    2   24 53164.165471 48102.307932
 147   -1    2   31 49047.754697 43871.676144
 147   -1    2   32 47422.818766 42149.051414
 147   -1    2   36 47166.601159 42568.476266
 147   -1    2   37 47534.938757 42698.033797
 147   -1    2   38 50163.228015 45466.730695
 147   -1    2   39 53445.683987 47905.706623
 147   -1    2   40 50056.267522 44669.812610
 151    1    1    1 44284.436028 40214.378696
 151    1    1    6 46464.695637 41304.590627
 151    1    1    7 49891.684610 44579.781411
 151    1    1   12 45238.940528 40246.010600
 151    1    1   14 49697.784706 44490.613777
 151    1    1   15 46589.210340 41552.870026
 151    1    1   17 47379.150553 42467.524342
 151    1    1   18 48416.234348 43441.345223
 151    1    1   19 54895.543481 49682.241808
 151    1    1   20 54079.358449 48615.533348
 151   -1    1    2 57205.606992 51525.799562
 151   -1    1    3 55596.350285 49668.170762
 151   -1    1    4 54603.074735 49133.501841
 151   -1    1    5 53785.709766 48653.805883
 151   -1    1    8 48721.584380 44074.470012
 151   -1    1    9 50582.925850 45278.133505
 151   -1    1   10 49659.248164 44378.605829
 151   -1    1   11 46373.938527 41448.368139
 151   -1    1   13 47938.424376 43056.185641
 151   -1    1   16 48285.219313 43415.755445
 151    1    2   21 53275.939808 48058.797344
 151    1    2   23 51555.507558 46243.674843
 151    1    2   24 53172.062452 47842.159379
 151    1    2   26 55589.734052 50157.147219
 151    1    2   28 52351.591097 46714.368669
 151    1    2   32 46912.401182 42364.771836
 151    1    2   35 48792.190637 43878.867750
 151    1    2   36 47922.726532 43056.197946
 151    1    2   38 48386.318781 42997.854792
 151    1    2   39 48047.064447 43164.728485
 151   -1    2   22 52561.977012 47480.218588
 151   -1    2   25 53688.275980 48326.655496
 151   -1    2   27 50791.411034 45436.028466
 151   -1    2   29 53222.133903 47547.018940
 151   -1    2   30 46541.093341 41840.151026
 151   -1    2   31 45949.567590 41446.043998
 151   -1    2   33 47229.567597 42355.621419
 151   -1    2   34 50847.462623 45624.505314
 151   -1    2   37 48128.127390 43485.183082
 151   -1    2   40 48123.440484 43140.682881
 152    1    1    1 41827.473528 37571.573096
 152    1    1    2 46450.733868 41729.792094
 152    1    1    3 50281.316320 45330.779236
 152    1    1    6 50160.771183 45113.365183
 152    1    1    9 51623.024464 46598.194098
 152    1    1   10 49895.020679 44806.531036
 152    1    1   11 49748.732017 44925.059386
 152    1    1   14 49869.405287 44798.586505
 152    1    1   15 50847.883355 45828.755611
 152    1    1   19 50381.501567 45254.521296
 152   -1    1    4 47007.992961 42066.877426
 152   -1    1    5 48318.578971 43308.833547
 152   -1    1    7 49501.599685 44598.450048
 152   -1    1    8 49287.004771 44240.805784
 152   -1    1   12 49274.002031 44303.140124
 152   -1    1   13 48598.484430 43648.154976
 152   -1    1   16 42106.671945 37140.733051
 152   -1    1   17 46988.126981 42426.851240
 152   -1    1   18 49815.195581 44721.722690
 152   -1    1   20 49829.499956 44890.911428
 152    1    2   21 51105.377662 46106.401455
 152    1    2   22 50387.641196 45567.230671
 152    1    2   24 45791.379950 41755.150697
 152    1    2   26 52258.609560 47298.583126
 152    1    2   29 53105.778367 47722.798435
 152    1    2   34 55716.677868 50546.596403
 152    1    2   36 55507.562940 50363.249980
 152    1    2   37 51427.118255 46027.985825
 152    1    2   38 51872.335890 46675.035400
 152    1    2   40 40780.254213 36045.040169
 152   -1    2   23 44732.368377 40144.325139
 152   -1    2   25 50310.105990 45079.159522
 152   -1    2   27 54742.992294 49363.379071
 152   -1    2   28 55519.421456 49844.754668
 152   -1    2   30 52448.101770 47168.637341
 152   -1    2   31 53205.856258 47553.664852
 152   -1    2   32 49846.292435 44955.779817
 152   -1    2   33 51289.973129 45933.794060
 152   -1    2   35 53169.933153 48024.587916
 152   -1    2   39 43629.102692 38512.908983
 155    1    1    2 50863.726708 45626.524662
 155    1    1    4 54909.331151 49487.687965
 155    1    1    6 52844.521829 48235.864165
 155    1    1    7 54391.592239 49144.955193
 155    1    1    8 47688.446933 42503.997977
 155    1    1   13 50176.855871 45388.656313
 155    1    1   14 53631.417341 48417.639033
 155    1    1   17 53052.694191 47922.010565
 155    1    1   18 52392.532038 47232.832747
 155    1    1   20 49888.684001 45264.066056
 155   -1    1    1 47254.411672 42641.388514
 155   -1    1    3 53952.699168 48678.589939
 155   -1    1    5 56261.778910 50669.689040
 155   -1    1    9 52353.677356 46968.222216
 155   -1    1   10 53189.737196 47760.412397
 155   -1    1   11 52737.528310 47143.173097
 155   -1    1   12 51962.072988 46577.597640
 155   -1    1   15 54354.798928 48848.873041
 155   -1    1   16 48353.980936 43113.500422
 155   -1    1   19 52778.231416 48024.396265
 155    1    2   23 49710.268262 44422.564743
 155    1    2   24 56187.761470 50740.842620
 155    1    2   26 53552.828413 48042.201673
 155    1    2   28 46531.511526 41517.628567
 155    1    2   29 50861.698281 45839.084190
 155    1    2   31 46899.017381 42207.037030
 155    1    2   32 49206.675625 44820.217178
 155    1    2   33 46476.882029 41545.525853
 155    1    2   35 44460.910103 39716.465607
 155    1    2   40 46605.473837 41990.423806
 155   -1    2   21 53926.683907 48442.507648
 155   -1    2   22 47628.286245 42530.744812
 155   -1    2   25 51869.451859 46518.362312
 155   -1    2   27 47797.217492 42880.465217
 155   -1    2   30 51142.275700 46481.308255
 155   -1    2   34 49957.719621 44648.685017
 155   -1    2   36 47902.185302 43472.984964
 155   -1    2   37 51254.273133 46060.672744
 155   -1    2   38 45801.351365 41081.925608
 155   -1    2   39 44031.598173 38998.711257
 158    1    1    1 39767.025918 35765.961882
 158    1    1    2 49149.265558 44469.527775
 158    1    1    6 51200.603667 46186.989546
 158    1    1    8 51558.615905 46627.401098
 158    1    1    9 53795.959522 48691.295178
 158    1    1   15 51894.018276 46728.721486
 158    1    1   16 50867.304180 45699.102633
 158    1    1   17 53869.277829 48809.031293
 158    1    1   18 52699.380345 47582.574582
 158    1    1   20 49315.374564 44325.885950
 158   -1    1    3 43356.972977 38804.087576
 158   -1    1    4 48064.935258 43019.464322
 158   -1    1    5 47701.543111 42862.108148
 158   -1    1    7 52399.734986 47127.621006
 158   -1    1   10 53417.836284 48030.989298
 158   -1    1   11 49874.066915 44458.820762
 158   -1    1   12 53246.379082 47763.833575
 158   -1    1   13 53731.298306 48206.091828
 158   -1    1   14 49249.030832 44343.512573
 158   -1    1   19 54731.448489 49553.695344
 158    1    2   22 50716.885451 45469.084708
 158    1    2   23 51863.223131 46685.670798
 158    1    2   24 53251.112743 48055.936497
 158    1    2   25 51178.496703 46012.378554
 158    1    2   29 50188.981333 45179.842513
 158    1    2   31 50792.677586 45609.372602
 158    1    2   35 51709.378776 46834.512028
 158    1    2   38 53464.581033 48404.918402
 158    1    2   39 45508.449657 41489.700309
 158    1    2   40 52414.022025 47213.851211
 158   -1    2   21 49947.123109 44568.715563
 158   -1    2   26 50087.170173 44707.549478
 158   -1    2   27 48792.439329 44008.648703
 158   -1    2   28 46706.229743 41751.329771
 158   -1    2   30 51572.224872 46437.945545
 158   -1    2   32 46988.010702 42087.433132
 158   -1    2   33 51026.084173 45750.742566
 158   -1    2   34 50041.513409 45250.303266
 158   -1    2   36 51422.351805 46561.128508
 158   -1    2   37 52303.351824 46769.748103
 163    1    1    4 49778.767144 44714.911388
 163    1    1    5 54321.549494 48802.553049
 163    1    1    7 51523.834994 46135.937713
 163    1    1    8 46877.660757 42032.342910
 163    1    1   12 42398.190524 38348.780688
 163    1    1   14 49530.911268 43954.068728
 163    1    1   15 49066.699012 44984.760079
 163    1    1   16 54112.672902 48895.825260
 163    1    1   17 48945.376534 43982.049149
 163    1    1   20 51834.796248 47022.505695
 163   -1    1    1 43504.995847 39312.816035
 163   -1    1    2 51768.927612 46914.827941
 163   -1    1    3 53746.547875 48236.714636
 163   -1    1    6 51490.040735 46226.983866
 163   -1    1    9 49187.736709 44234.122212
 163   -1    1   10 51619.909285 46858.026349
 163   -1    1   11 48756.065651 44094.473909
 163   -1    1   13 52590.265489 47419.190802
 163   -1    1   18 47417.198646 42266.148519
 163   -1    1   19 47220.516642 42687.824302
 163    1    2   21 49160.171996 44048.636397
 163    1    2   23 48898.886702 44004.657664
 163    1    2   28 48551.751335 43476.085734
 163    1    2   30 45026.367473 39580.803606
 163    1    2   31 46603.455505 42368.600912
 163    1    2   32 40585.020078 36446.660406
 163    1    2   33 43873.442142 39556.717242
 163    1    2   37 49607.207423 43885.203039
 163    1    2   38 50851.344367 46076.580565
 163    1    2   39 48892.176644 44121.283918
 163   -1    2   22 48135.750708 42990.387095
 163   -1    2   24 47353.803093 42422.659565
 163   -1    2   25 49088.550078 44229.001010
 163   -1    2   26 50629.493861 45477.266076
 163   -1    2   27 48997.274477 43817.848279
 163   -1    2   29 49793.649230 44960.018907
 163   -1    2   34 46801.323446 42139.603399
 163   -1    2   35 48692.773157 43553.826943
 163   -1    2   36 48582.503488 43285.352975
 163   -1    2   40 50968.291136 45825.928610
 170    1    1    1 47171.030588 42607.470891
 170    1    1    2 51578.118718 46226.279579
 170    1    1    5 54196.332088 49075.249667
 170    1    1    6 51680.248595 46794.823851
 170    1    1    7 50787.305629 45727.728319
 170    1    1   11 55005.403729 49774.289726
 170    1    1   12 50885.060443 45965.787004
 170    1    1   18 45584.073369 41315.547608
 170    1    1   19 44011.020201 39569.771912
 170    1    1   20 47498.793204 43268.666525
 170   -1    1    3 49125.591906 43822.118401
 170   -1    1    4 53447.932018 48630.534230
 170   -1    1    8 51621.239906 46864.049013
 170   -1    1    9 56480.369287 51386.529596
 170   -1    1   10 56527.316207 50994.822449
 170   -1    1   13 46150.795899 41368.722863
 170   -1    1   14 51549.500949 46756.249531
 170   -1    1   15 52970.306756 48254.202954
 170   -1    1   16 45326.035221 40857.113866
 170   -1    1   17 41479.573423 37242.091203
 170    1    2   21 44084.504874 39889.602590
 170    1    2   23 52059.172061 47058.696307
 170    1    2   25 45466.863333 40986.856177
 170    1    2   30 51988.301419 47079.352758
 170    1    2   31 47679.052763 42738.411450
 170    1    2   32 49121.057073 44763.203465
 170    1    2   33 46841.346745 41970.348236
 170    1    2   37 46848.218489 41801.841607
 170    1    2   38 45699.687348 41349.600661
 170    1    2   40 45955.439029 41743.702519
 170   -1    2   22 45607.846506 41053.864080
 170   -1    2   24 53940.136298 48695.663959
 170   -1    2   26 51262.582527 46911.932897
 170   -1    2   27 44866.268889 40436.436313
 170   -1    2   28 55203.102873 49718.965761
 170   -1    2   29 55549.353429 50146.561122
 170   -1    2   34 48903.594224 44311.785154
 170   -1    2   35 45709.812639 40915.703704
 170   -1    2   36 51760.792736 47102.799602
 170   -1    2   39 48753.299056 43740.230029
 172    1    1    1 49393.386918 44867.983381
 172    1    1    3 51993.103287 46622.360380
 172    1    1    5 54151.177253 49112.967750
 172    1    1    6 54267.365241 49228.742220
 172    1    1    9 54351.285418 49602.418860
 172    1    1   10 52113.036102 46516.593242
 172    1    1   12 49977.426350 44803.191291
 172    1    1   13 48676.484452 43440.595183
 172    1    1   14 44695.156447 39926.060411
 172    1    1   15 48541.434881 43754.313105
 172   -1    1    2 55142.323738 49361.247597
 172   -1    1    4 51110.173439 45512.230605
 172   -1    1    7 54857.036286 49786.821993
 172   -1    1    8 51769.442215 46704.727132
 172   -1    1   11 50942.979332 45860.152227
 172   -1    1   16 43547.912356 38425.165505
 172   -1    1   17 43808.868743 38865.209890
 172   -1    1   18 45584.121636 40189.977039
 172   -1    1   19 46849.300148 41763.735622
 172   -1    1   20 44023.149052 39548.288660
 172    1    2   22 50405.097975 44988.544185
 172    1    2   27 47907.117205 43366.565482
 172    1    2   28 48183.182401 43511.230122
 172    1    2   29 46099.121411 41579.256618
 172    1    2   31 46514.248251 41500.640153
 172    1    2   32 50601.081910 45628.250440
 172    1    2   33 49634.538643 44922.868241
 172    1    2   35 46177.077783 41276.149554
 172    1    2   37 47107.276867 41994.279710
 172    1    2   38 45796.822358 40877.066759
 172   -1    2   21 53003.926730 48035.963357
 172   -1    2   23 45047.675465 40269.145411
 172   -1    2   24 45600.461719 40598.112137
 172   -1    2   25 52691.482990 47405.186109
 172   -1    2   26 47719.962496 42680.138918
 172   -1    2   30 50246.484677 44706.109313
 172   -1    2   34 42639.843735 37799.378707
 172   -1    2   36 43724.834549 38664.698080
 172   -1    2   39 45572.723400 40410.492443
 172   -1    2   40 46388.967835 41562.504367
 183    1    1    2 53805.122591 48737.340690
 183    1    1    3 52124.860703 46630.924230
 183    1    1    4 54061.680464 48714.830527
 183    1    1    5 52575.375522 47244.852083
 183    1    1   11 51827.597629 46493.024244
 183    1    1   13 52270.856957 46939.432202
 183    1    1   16 50305.615701 45107.691330
 183    1    1   17 52320.896004 47180.992599
 183    1    1   18 54746.841299 49357.099941
 183    1    1   20 53976.455487 48426.849015
 183   -1    1    1 46813.457088 42104.887014
 183   -1    1    6 49133.966666 43885.184790
 183   -1    1    7 49619.435823 44766.090496
 183   -1    1    8 50822.353289 45551.436539
 183   -1    1    9 47174.531153 42134.655274
 183   -1    1   10 51013.189511 45857.376197
 183   -1    1   12 50034.989192 44761.396878
 183   -1    1   14 50388.338710 45057.462201
 183   -1    1   15 50694.527257 45498.988504
 183   -1    1   19 55596.390697 49984.239243
 183    1    2   23 54436.745017 49142.782891
 183    1    2   24 50888.119227 45603.363993
 183    1    2   25 53494.363714 48152.262289
 183    1    2   26 51623.479023 46404.806873
 183    1    2   28 47010.022472 42242.336896
 183    1    2   29 53271.952701 48067.205947
 183    1    2   30 52050.825358 46706.703212
 183    1    2   32 51394.846034 46945.069492
 183    1    2   36 49675.820174 44915.974482
 183    1    2   38 47699.338834 42641.122056
 183   -1    2   21 56393.869157 50750.511409
 183   -1    2   22 50408.405507 45781.769675
 183   -1    2   27 52106.142330 46787.654481
 183   -1    2   31 46572.151739 41750.451264
 183   -1    2   33 51226.510374 46215.091229
 183   -1    2   34 48063.946931 43174.992430
 183   -1    2   35 51074.461928 46054.408875
 183   -1    2   37 51743.356699 46629.374672
 183   -1    2   39 46544.018179 41574.763064
 183   -1    2   40 45537.046574 40863.537372
 186    1    1    4 50226.981301 44887.322812
 186    1    1    5 54998.661514 49956.699718
 186    1    1    7 51123.405997 45932.309330
 186    1    1   10 51778.781459 46201.326861
 186    1    1   11 53584.710509 48170.524101
 186    1    1   14 51662.754750 46965.342028
 186    1    1   15 46507.239698 41303.515182
 186    1    1   17 45493.802778 41058.797359
 186    1    1   19 50826.149669 45875.502831
 186    1    1   20 49458.930838 44856.667367
 186   -1    1    1 46219.430990 41682.978149
 186   -1    1    2 52528.762285 47438.446251
 186   -1    1    3 53826.016074 48947.394318
 186   -1    1    6 47325.418667 42447.443377
 186   -1    1    8 54457.726186 49026.112128
 186   -1    1    9 52360.693229 46783.192735
 186   -1    1   12 50323.945108 45689.983863
 186   -1    1   13 52600.314557 47858.520522
 186   -1    1   16 46174.612905 41830.563630
 186   -1    1   18 51328.594333 45721.492865
 186    1    2   21 52149.606748 46663.744849
 186    1    2   22 48709.198040 43264.395080
 186    1    2   24 50059.989649 44753.986399
 186    1    2   27 50818.080830 45497.384216
 186    1    2   28 52245.358358 46825.834124
 186    1    2   31 48271.163281 43017.997667
 186    1    2   32 52938.634015 48354.774601
 186    1    2   35 47911.830150 43133.419953
 186    1    2   36 49031.864381 43692.875576
 186    1    2   37 46035.763661 41796.639695
 186   -1    2   23 47814.537442 42577.266076
 186   -1    2   25 48126.354333 42831.926325
 186   -1    2   26 46154.952926 41177.641988
 186   -1    2   29 48168.748678 42933.338123
 186   -1    2   30 45230.065451 40838.659391
 186   -1    2   33 46293.946056 41836.189867
 186   -1    2   34 47635.463615 42755.999292
 186   -1    2   38 51709.060247 46622.991895
 186   -1    2   39 48023.783227 43110.672734
 186   -1    2   40 46711.189242 42424.979940
 190    1    1    3 54900.784989 49367.486052
 190    1    1    5 53142.065889 48187.648350
 190    1    1    6 52669.633564 47321.030092
 190    1    1    8 50063.486676 45286.736243
 190    1    1    9 52315.562471 47052.671172
 190    1    1   11 51658.233776 46512.630244
 190    1    1   13 47176.056540 42875.397586
 190    1    1   17 41342.158296 36495.579182
 190    1    1   18 40780.455698 36634.979568
 190    1    1   20 40309.421389 36221.879880
 190   -1    1    1 55615.575100 49868.231674
 190   -1    1    2 58257.313276 52283.081968
 190   -1    1    4 54180.836453 48520.481942
 190   -1    1    7 51769.324955 46679.407463
 190   -1    1   10 50526.129947 45821.067271
 190   -1    1   12 43112.883230 38334.543305
 190   -1    1   14 40276.657397 36194.196158
 190   -1    1   15 44897.428579 40754.601291
 190   -1    1   16 40998.472660 36791.399706
 190   -1    1   19 41804.227147 37505.772627
 190    1    2   21 42373.525053 37982.202109
 190    1    2   22 42820.708226 38443.211241
 190    1    2   25 45664.258447 40898.757294
 190    1    2   27 47813.446490 42565.195338
 190    1    2   28 45176.086475 40686.484037
 190    1    2   32 51567.036722 46215.856788
 190    1    2   33 50700.994606 45590.882798
 190    1    2   35 49128.170802 44069.195276
 190    1    2   38 48409.733131 43440.298236
 190    1    2   40 49570.018290 44668.045684
 190   -1    2   23 41147.032534 36928.718024
 190   -1    2   24 45565.937567 40999.746800
 190   -1    2   26 46413.166616 41719.924731
 190   -1    2   29 42336.149493 37501.006577
 190   -1    2   30 48237.166279 42935.635685
 190   -1    2   31 53363.186290 47728.887518
 190   -1    2   34 48510.267956 43587.042048
 190   -1    2   36 47846.895131 42987.922389
 190   -1    2   37 47505.223704 42693.319253
 190   -1    2   39 47907.288945 43141.031978
 192    1    1    3 47956.262220 43476.696564
 192    1    1    4 51263.553377 46368.699866
 192    1    1    7 53376.336206 47978.438450
 192    1    1    9 51911.990576 46597.046145
 192    1    1   10 51502.248331 46137.794027
 192    1    1   11 55273.622851 49878.270204
 192    1    1   15 50720.897543 45395.120188
 192    1    1   16 52069.215046 46850.312274
 192    1    1   17 50994.208066 46343.732556
 192    1    1   20 52014.838079 46812.909576
 192   -1    1    1 45191.367598 40604.821945
 192   -1    1    2 47916.693516 42866.649719
 192   -1    1    5 49656.041702 44576.335285
 192   -1    1    6 50544.103589 45805.792612
 192   -1    1    8 52779.032511 47413.541305
 192   -1    1   12 53943.104930 48314.962588
 192   -1    1   13 54347.920890 48790.710017
 192   -1    1   14 51641.241602 46956.098151
 192   -1    1   18 42072.065245 37304.492678
 192   -1    1   19 49458.223708 44574.522451
 192    1    2   22 52569.847581 47688.417224
 192    1    2   25 52142.154345 47231.343432
 192    1    2   28 51053.615906 45676.992321
 192    1    2   29 44771.265333 39897.537102
 192    1    2   30 42393.482573 38109.691485
 192    1    2   31 50003.411373 45230.395771
 192    1    2   32 52204.671154 46947.595120
 192    1    2   33 50434.797725 45223.374126
 192    1    2   34 49607.426653 44782.353580
 192    1    2   37 53717.563873 48339.766329
 192   -1    2   21 50691.824170 45577.380311
 192   -1    2   23 53903.257749 48602.860345
 192   -1    2   24 52073.510856 46817.515896
 192   -1    2   26 50829.188265 45534.568434
 192   -1    2   27 47271.719537 42632.000159
 192   -1    2   35 50956.507213 46534.718602
 192   -1    2   36 52767.001168 47659.450339
 192   -1    2   38 52172.826784 46804.360947
 192   -1    2   39 54288.783337 48818.905051
 192   -1    2   40 54145.787294 48594.560561
 196    1    1    1 41924.356749 37915.665007
 196    1    1    2 48559.989991 43939.306862
 196    1    1    3 49618.557242 44563.947704
 196    1    1    7 52298.909465 46979.915868
 196    1    1    9 51439.778752 46124.463414
 196    1    1   10 52211.185034 46796.575874
 196    1    1   11 52868.808103 47444.909340
 196    1    1   16 49608.288134 44663.675151
 196    1    1   18 46611.740033 41589.548044
 196    1    1   19 48081.468266 43098.631711
 196   -1    1    4 47426.105609 42235.323614
 196   -1    1    5 48824.912673 43708.753180
 196   -1    1    6 49899.781232 44692.280166
 196   -1    1    8 58981.478482 53213.994832
 196   -1    1   12 49936.960636 44574.674311
 196   -1    1   13 49855.954731 44769.624471
 196   -1    1   14 50816.493631 46086.620226
 196   -1    1   15 48236.641184 42983.469315
 196   -1    1   17 47300.262574 42148.047537
 196   -1    1   20 46520.346955 41799.733449
 196    1    2   22 54756.294955 49610.762787
 196    1    2   24 52683.589487 47654.248106
 196    1    2   25 49562.907163 44439.035492
 196    1    2   28 50977.190260 45579.872751
 196    1    2   29 50761.812411 45308.591142
 196    1    2   30 48788.143450 43950.968639
 196    1    2   31 53480.030730 48422.783590
 196    1    2   34 49115.451958 44416.178288
 196    1    2   37 52190.157137 46939.939451
 196    1    2   38 49887.708129 44883.634926
 196   -1    2   21 50566.347877 45867.164898
 196   -1    2   23 53016.211801 48121.831286
 196   -1    2   26 48604.194913 44085.609241
 196   -1    2   27 47630.100540 42422.530425
 196   -1    2   32 48681.382188 43452.943880
 196   -1    2   33 49493.238541 44278.757087
 196   -1    2   35 48761.686723 43984.947952
 196   -1    2   36 48535.534625 43137.577287
 196   -1    2   39 45625.496730 40707.692030
 196   -1    2   40 47835.024223 43109.049859
 198    1    1    1 41629.250768 37626.741427
 198    1    1    2 47513.938551 42773.882083
 198    1    1    5 45674.326819 40758.169040
 198    1    1    6 49809.487256 44976.392272
 198    1    1    8 51494.867493 46520.390734
 198    1    1    9 54962.477355 49447.193707
 198    1    1   14 48262.642521 43918.183981
 198    1    1   15 49134.815922 44568.527866
 198    1    1   17 49197.445523 44113.489138
 198    1    1   19 48381.104739 44193.372267
 198   -1    1    3 46734.829913 41570.671247
 198   -1    1    4 47553.775761 42289.018025
 198   -1    1    7 51052.831010 45640.275828
 198   -1    1   10 48298.121751 43532.739275
 198   -1    1   11 58969.803571 52971.922466
 198   -1    1   12 55070.076687 49121.749069
 198   -1    1   13 53077.545293 47788.629312
 198   -1    1   16 46119.337663 40927.818985
 198   -1    1   18 55400.503884 49923.035253
 198   -1    1   20 52452.124170 47335.914437
 198    1    2   22 48934.981017 44213.813577
 198    1    2   24 43486.504185 39116.580652
 198    1    2   26 45410.300767 40690.039224
 198    1    2   27 44226.066972 39406.366725
 198    1    2   31 45741.915369 41198.995994
 198    1    2   32 48193.660546 43404.037088
 198    1    2   34 44347.713916 39323.639231
 198    1    2   36 40432.337445 36363.879260
 198    1    2   37 40432.337445 36363.879260
 198    1    2   38 40432.337445 36363.879260
 198   -1    2   21 53277.563128 47733.970806
 198   -1    2   23 45187.479162 40006.054600
 198   -1    2   25 46151.186252 41550.141249
 198   -1    2   28 49225.581215 44694.858957
 198   -1    2   29 40944.826019 36884.608330
 198   -1    2   30 43436.737577 39125.774107
 198   -1    2   33 49420.276525 44435.979651
 198   -1    2   35 41623.294261 36653.975327
 198   -1    2   39 40432.337445 36363.879260
 198   -1    2   40 40432.337445 36363.879260
 200    1    1    1 40042.937593 36042.205801
 200    1    1    2 48934.367840 44053.853828
 200    1    1    7 48646.432540 44024.061313
 200    1    1    9 50638.497337 45242.557767
 200    1    1   10 52569.360277 47782.024547
 200    1    1   11 48412.883947 43863.197214
 200    1    1   14 47575.221159 42787.352480
 200    1    1   16 53189.275219 48294.300063
 200    1    1   17 48005.613418 43616.790946
 200    1    1   18 50562.623349 45951.361981
 200   -1    1    3 51048.750993 45932.265759
 200   -1    1    4 50089.038493 45164.063610
 200   -1    1    5 50153.644447 45263.695398
 200   -1    1    6 50189.919038 45672.949065
 200   -1    1    8 50223.712703 45416.850222
 200   -1    1   12 53618.777277 48153.785282
 200   -1    1   13 49075.855786 43964.559800
 200   -1    1   15 51941.810483 46825.442348
 200   -1    1   19 56497.195745 51008.737305
 200   -1    1   20 52732.083387 47517.696808
 200    1    2   21 49076.828830 44189.988863
 200    1    2   22 46759.799781 41967.392620
 200    1    2   25 50034.538077 45041.125344
 200    1    2   26 47678.454410 42600.023060
 200    1    2   28 54153.793381 49204.689316
 200    1    2   29 49030.597175 44435.287653
 200    1    2   33 48917.643976 43991.554748
 200    1    2   36 55550.146046 50085.576345
 200    1    2   37 51325.856557 46618.138622
 200    1    2   39 53865.906186 48443.852532
 200   -1    2   23 49993.135121 45060.110883
 200   -1    2   24 53696.272664 48428.186795
 200   -1    2   27 50763.742958 45784.345414
 200   -1    2   30 49195.948666 44234.091979
 200   -1    2   31 49587.750423 44886.000927
 200   -1    2   32 51759.609200 46386.977910
 200   -1    2   34 48637.909167 43845.729200
 200   -1    2   35 51781.221842 47034.409073
 200   -1    2   38 51738.389412 46797.519489
 200   -1    2   40 47907.650979 43166.020774
 202    1    1    4 45039.514277 40573.157253
 202    1    1    6 51877.025874 46298.163433
 202    1    1    7 50476.367527 46077.038715
 202    1    1    8 53085.363660 47305.776983
 202    1    1   10 50278.849249 45047.803286
 202    1    1   13 46420.846985 41620.784927
 202    1    1   14 49515.044546 44385.197132
 202    1    1   15 49240.707186 43829.764717
 202    1    1   16 49410.525912 44111.267457
 202    1    1   19 45072.785292 40947.366613
 202   -1    1    1 48858.511026 43924.301053
 202   -1    1    2 49022.679056 43761.435838
 202   -1    1    3 49437.944576 43866.160620
 202   -1    1    5 51578.841199 46333.561274
 202   -1    1    9 49895.822749 44965.747166
 202   -1    1   11 55209.612182 50579.120974
 202   -1    1   12 51405.734030 45441.337746
 202   -1    1   17 49950.971487 44854.942800
 202   -1    1   18 50388.094397 45198.002193
 202   -1    1   20 44163.420717 39901.114984
 202    1    2   21 52161.715235 47769.850773
 202    1    2   25 43183.086699 38884.896258
 202    1    2   27 51547.943763 46279.690789
 202    1    2   28 46558.484771 41687.268098
 202    1    2   31 45842.262357 41335.049773
 202    1    2   32 45359.824526 40960.564151
 202    1    2   34 45967.995047 41868.834970
 202    1    2   37 46549.201418 42327.709992
 202    1    2   38 44015.011925 39572.398597
 202    1    2   40 46993.357902 42658.381699
 202   -1    2   22 43808.237314 39243.462164
 202   -1    2   23 53907.944249 48487.868710
 202   -1    2   24 48984.036405 44198.538507
 202   -1    2   26 45832.168574 41513.692015
 202   -1    2   29 47509.360420 42729.511607
 202   -1    2   30 46997.185931 41977.933544
 202   -1    2   33 43376.424274 39242.447636
 202   -1    2   35 45347.173504 41143.487129
 202   -1    2   36 48395.534432 43611.788361
 202   -1    2   39 43229.887940 38991.510644
 208    1    1    3 49902.216078 44386.506886
 208    1    1    5 49627.187630 44511.505930
 208    1    1    7 53199.583409 47953.421378
 208    1    1    8 52441.491278 47166.330047
 208    1    1   10 52927.714168 47431.901417
 208    1    1   12 50687.863185 45346.200219
 208    1    1   14 51823.593770 46525.274224
 208    1    1   15 51158.358997 45664.501113
 208    1    1   18 48093.333383 43391.867353
 208    1    1   20 44989.276030 40450.624081
 208   -1    1    1 48687.869021 44247.012023
 208   -1    1    2 53444.304547 47876.419631
 208   -1    1    4 50501.740931 44847.199950
 208   -1    1    6 53156.557574 47449.322233
 208   -1    1    9 53122.953858 47928.743628
 208   -1    1   11 53486.009147 47907.363368
 208   -1    1   13 53938.531135 48318.623985
 208   -1    1   16 50841.466712 45414.501154
 208   -1    1   17 50642.398945 45567.948282
 208   -1    1   19 43639.730110 38898.312407
 208    1    2   23 47741.812868 42849.828622
 208    1    2   26 48280.770345 43516.864007
 208    1    2   27 52303.841816 47898.750073
 208    1    2   28 49361.058439 44398.613684
 208    1    2   31 51671.473179 46037.709077
 208    1    2   32 51771.745028 46293.392670
 208    1    2   33 47361.040073 42134.510170
 208    1    2   36 45892.140977 41419.036386
 208    1    2   37 50518.762939 45514.416783
 208    1    2   39 53046.122947 47693.078501
 208   -1    2   21 48113.851142 43243.448619
 208   -1    2   22 46440.970617 41428.839111
 208   -1    2   24 43233.100657 38372.460314
 208   -1    2   25 47002.868534 41764.902074
 208   -1    2   29 45673.815411 41178.680368
 208   -1    2   30 47226.452293 42202.657124
 208   -1    2   34 46150.218467 40948.752577
 208   -1    2   35 43483.963037 38636.621017
 208   -1    2   38 53180.638551 47950.628414
 208   -1    2   40 49550.468517 43997.027274
 213    1    1    4 46777.311379 41760.858505
 213    1    1    6 49991.789194 45047.717834
 213    1    1    9 49899.359603 44852.540333
 213    1    1   10 51876.745585 46577.724598
 213    1    1   11 50663.072927 45658.054547
 213    1    1   13 51591.157584 46135.872291
 213    1    1   14 49058.154226 44179.663168
 213    1    1   15 51582.582932 46523.005761
 213    1    1   16 48946.441485 43762.133557
 213    1    1   18 49910.427735 45579.171322
 213   -1    1    1 40573.821730 36520.849354
 213   -1    1    2 47140.013688 42705.865954
 213   -1    1    3 48179.774693 43453.985802
 213   -1    1    5 49873.947610 44978.354340
 213   -1    1    7 49414.690732 44721.725892
 213   -1    1    8 49389.054991 44081.167626
 213   -1    1   12 51305.060196 46099.066491
 213   -1    1   17 49114.707947 44138.112459
 213   -1    1   19 49476.033660 44579.693976
 213   -1    1   20 49858.259353 44916.773692
 213    1    2   22 48952.591636 43730.674039
 213    1    2   24 49179.752290 44029.959146
 213    1    2   26 52752.339772 47514.265146
 213    1    2   27 51106.341102 46181.484271
 213    1    2   32 50076.977225 45098.062126
 213    1    2   34 52811.388544 47587.678541
 213    1    2   35 48961.333725 43775.224601
 213    1    2   36 49880.546141 45344.829467
 213    1    2   38 46915.915060 41994.209692
 213    1    2   40 50346.433413 45243.672396
 213   -1    2   21 50895.450597 45697.017471
 213   -1    2   23 49822.383157 44910.231650
 213   -1    2   25 48505.720280 44161.405482
 213   -1    2   28 47777.742513 43140.267521
 213   -1    2   29 49195.656787 44036.713367
 213   -1    2   30 50087.998109 45116.156928
 213   -1    2   31 52246.057309 47437.687907
 213   -1    2   33 49628.936692 44291.758336
 213   -1    2   37 50872.354126 45661.513327
 213   -1    2   39 50928.024430 45774.830817
 214    1    1    1 44364.637942 40261.608650
 214    1    1    3 53175.835265 47803.631314
 214    1    1    4 47334.892509 41990.790028
 214    1    1    6 40188.736072 36183.146678
 214    1    1    7 45591.430246 41521.265234
 214    1    1   11 55825.440631 50418.425640
 214    1    1   14 46442.999109 41355.049114
 214    1    1   17 45072.661999 40424.431899
 214    1    1   18 49607.687565 45006.242813
 214    1    1   20 51452.550227 46564.897232
 214   -1    1    2 49462.564246 44266.311299
 214   -1    1    5 48188.238689 43192.184834
 214   -1    1    8 50106.716167 45549.363385
 214   -1    1    9 46888.844820 42029.854216
 214   -1    1   10 45436.563737 41204.112422
 214   -1    1   12 53791.231328 47885.401519
 214   -1    1   13 44378.164337 39762.748159
 214   -1    1   15 51715.872865 46991.948955
 214   -1    1   16 46359.424771 41310.187126
 214   -1    1   19 46001.526342 40781.119978
 214    1    2   23 47901.978307 42854.996934
 214    1    2   25 45854.755059 41352.180046
 214    1    2   28 45848.776450 41679.391753
 214    1    2   29 44349.173667 39986.355633
 214    1    2   30 47502.797254 42934.823251
 214    1    2   33 44070.319256 39607.468607
 214    1    2   35 53657.207995 48303.769786
 214    1    2   36 56694.980004 51508.128515
 214    1    2   37 56205.438855 50719.563732
 214    1    2   38 51587.058603 46071.759830
 214   -1    2   21 46250.814214 41758.907274
 214   -1    2   22 50089.546990 45620.179817
 214   -1    2   24 53281.451669 47923.206267
 214   -1    2   26 44099.512644 39694.533207
 214   -1    2   27 48682.983759 43740.311388
 214   -1    2   31 51314.913805 47075.719724
 214   -1    2   32 46053.392858 41527.654272
 214   -1    2   34 48616.685764 43646.574286
 214   -1    2   39 51350.807708 46510.866917
 214   -1    2   40 45695.256469 41356.084185
 215    1    1    1 43283.111088 39192.327624
 215    1    1    2 52665.517942 47738.111503
 215    1    1    4 57171.922047 51902.000045
 215    1    1    6 54666.432725 49475.948026
 215    1    1    8 58196.744902 52296.309676
 215    1    1   13 52908.443518 48281.752765
 215    1    1   14 52003.741991 47261.198395
 215    1    1   16 52617.018566 47245.709167
 215    1    1   17 46396.563370 42171.206596
 215    1    1   18 48340.829162 43654.435903
 215   -1    1    3 54211.058480 48712.066496
 215   -1    1    5 51952.661261 46641.283118
 215   -1    1    7 57910.864681 52575.219079
 215   -1    1    9 54476.000570 49356.386203
 215   -1    1   10 56295.373110 50974.339090
 215   -1    1   11 53324.246428 47947.999270
 215   -1    1   12 50353.354857 45157.136748
 215   -1    1   15 52408.581949 47734.550564
 215   -1    1   19 45032.980523 40160.894146
 215   -1    1   20 43442.818566 38890.142645
 215    1    2   21 46238.006797 41401.815942
 215    1    2   23 44399.899875 40071.451573
 215    1    2   24 44480.514445 40068.830794
 215    1    2   25 46416.137879 41942.112363
 215    1    2   27 46675.677080 41946.749443
 215    1    2   28 50190.570360 45026.859535
 215    1    2   30 47830.853043 43243.479762
 215    1    2   32 47295.621499 42530.847196
 215    1    2   33 48555.365407 43698.696929
 215    1    2   35 45334.536103 40679.898219
 215   -1    2   22 44123.408550 39011.373548
 215   -1    2   26 48661.573553 43725.610422
 215   -1    2   29 49129.338597 44284.647069
 215   -1    2   31 50293.787928 45187.078629
 215   -1    2   34 40768.992864 36055.483767
 215   -1    2   36 46135.973675 41654.353228
 215   -1    2   37 47430.695210 42365.272397
 215   -1    2   38 46369.315029 41799.965044
 215   -1    2   39 48374.896343 43577.510303
 215   -1    2   40 45082.056264 40501.267147
 216    1    1    1 43834.863084 39809.591437
 216    1    1    2 50544.980262 45327.041200
 216    1    1    3 57054.427957 51282.181756
 216    1    1    4 51600.643925 46297.792611
 216    1    1    6 50403.688508 45180.522784
 216    1    1    9 47214.669518 42058.913958
 216    1    1   10 49846.224659 44542.730463
 216    1    1   15 46406.511503 40993.570893
 216    1    1   17 50772.993504 45524.605243
 216    1    1   19 44985.408613 40397.943073
 216   -1    1    5 50710.066674 45173.338693
 216   -1    1    7 54263.307336 48899.760788
 216   -1    1    8 52753.628551 47506.571881
 216   -1    1   11 53282.313813 48247.808915
 216   -1    1   12 53933.620573 48517.661417
 216   -1    1   13 53390.279919 47867.021403
 216   -1    1   14 51457.517568 46138.025740
 216   -1    1   16 48806.623857 44012.611704
 216   -1    1   18 51716.860146 46281.781739
 216   -1    1   20 50986.312494 45604.460464
 216    1    2   24 46299.545731 40869.665221
 216    1    2   25 45492.561696 40660.371474
 216    1    2   27 45605.321599 40930.737308
 216    1    2   28 52667.464066 46920.847869
 216    1    2   29 47846.791780 42605.663080
 216    1    2   31 54318.367911 48355.025578
 216    1    2   32 45498.001509 40777.411284
 216    1    2   34 53218.849242 48133.766463
 216    1    2   35 51572.343335 47081.102788
 216    1    2   36 52283.107926 47120.899175
 216   -1    2   21 52479.839143 47200.487648
 216   -1    2   22 51365.823715 46866.843148
 216   -1    2   23 50566.938156 45254.542811
 216   -1    2   26 47042.691313 42257.564364
 216   -1    2   30 48466.914055 43068.190174
 216   -1    2   33 51313.690202 46461.987053
 216   -1    2   37 52788.331752 47613.883213
 216   -1    2   38 55372.885576 49734.133402
 216   -1    2   39 55912.739318 50325.659111
 216   -1    2   40 52991.964350 47466.768967
 217    1    1    1 45069.868748 41069.522209
 217    1    1    5 55316.722888 49993.349176
 217    1    1    6 55434.129625 50564.505201
 217    1    1   10 54059.262016 49049.412282
 217    1    1   11 52375.732432 47404.899737
 217    1    1   12 50851.179276 45380.756597
 217    1    1   15 54547.748223 49206.111145
 217    1    1   17 47456.235854 42507.249986
 217    1    1   19 42334.196610 38243.597959
 217    1    1   20 48281.874744 43770.957833
 217   -1    1    2 53571.316308 48288.132145
 217   -1    1    3 52693.449947 47779.455126
 217   -1    1    4 55012.759183 49485.320085
 217   -1    1    7 53965.862158 48390.893856
 217   -1    1    8 54790.991131 49869.817390
 217   -1    1    9 52134.488673 46623.095305
 217   -1    1   13 50176.116710 45079.210675
 217   -1    1   14 50756.458904 45744.632951
 217   -1    1   16 49211.256877 43861.871852
 217   -1    1   18 46987.696649 41852.974579
 217    1    2   26 45926.682561 40894.637288
 217    1    2   27 44558.996473 40011.916002
 217    1    2   28 45118.193549 40691.081249
 217    1    2   29 44202.496659 40015.543794
 217    1    2   30 45244.659907 40658.349745
 217    1    2   32 42853.440897 38653.435618
 217    1    2   34 48485.424409 43715.585738
 217    1    2   36 51108.588573 46669.374681
 217    1    2   38 50394.666369 45554.811887
 217    1    2   40 47190.058361 42417.468267
 217   -1    2   21 51745.326215 46616.653197
 217   -1    2   22 49921.910724 44894.383566
 217   -1    2   23 49328.737461 44245.973328
 217   -1    2   24 48945.727122 44076.127432
 217   -1    2   25 41488.680081 36849.106855
 217   -1    2   31 48049.847416 43106.449060
 217   -1    2   33 52745.343831 47928.689079
 217   -1    2   35 54361.371453 49086.647335
 217   -1    2   37 52614.295861 47530.337434
 217   -1    2   39 41459.269437 36787.443360
 218    1    1    2 48934.342101 44341.147911
 218    1    1    6 51845.305490 47030.340850
 218    1    1    8 46479.851950 41565.172728
 218    1    1   11 45414.656959 40797.580303
 218    1    1   13 53116.872944 48015.293181
 218    1    1   14 52526.796364 47188.079219
 218    1    1   15 46718.819995 41556.499567
 218    1    1   17 55135.988813 49676.234316
 218    1    1   18 51201.518378 46035.386940
 218    1    1   19 50427.652689 45407.480267
 218   -1    1    1 41068.863140 37056.727275
 218   -1    1    3 55443.789384 49763.766968
 218   -1    1    4 51851.842099 46617.960906
 218   -1    1    5 55052.290102 49623.364087
 218   -1    1    7 52070.583977 47288.763524
 218   -1    1    9 50306.965602 45086.524911
 218   -1    1   10 47608.123120 42709.820761
 218   -1    1   12 48829.687089 44296.078212
 218   -1    1   16 49831.390560 45079.391611
 218   -1    1   20 50061.071854 45268.995156
 218    1    2   22 46279.565274 42068.951173
 218    1    2   23 48503.051444 44263.446960
 218    1    2   24 51888.748628 46728.136916
 218    1    2   27 53548.997128 48417.303680
 218    1    2   29 43237.533640 38833.028208
 218    1    2   30 43227.321043 39121.635795
 218    1    2   36 52899.032757 47436.627040
 218    1    2   38 51275.913161 46277.242491
 218    1    2   39 49061.218396 44043.136226
 218    1    2   40 49681.657099 44841.053974
 218   -1    2   21 48711.539341 44052.772765
 218   -1    2   25 50470.520384 45971.787907
 218   -1    2   26 52535.215177 47148.431359
 218   -1    2   28 48559.348706 43125.802481
 218   -1    2   31 47621.952729 43239.536101
 218   -1    2   32 50589.078675 45793.482599
 218   -1    2   33 45615.183081 41220.981143
 218   -1    2   34 45492.348398 40639.508930
 218   -1    2   35 46399.461382 41658.103469
 218   -1    2   37 49251.534393 44154.955617
 222    1    1    2 50127.022192 44939.460475
 222    1    1    4 50545.455989 45018.592744
 222    1    1   10 54371.335278 48594.066600
 222    1    1   11 50260.437568 45105.939539
 222    1    1   12 54892.612289 49460.554012
 222    1    1   13 50402.774740 45074.380229
 222    1    1   14 53453.501235 48080.443592
 222    1    1   15 54862.912773 49492.657117
 222    1    1   19 50450.228902 45229.362719
 222    1    1   20 50288.579887 45232.595064
 222   -1    1    1 48009.856696 43363.552613
 222   -1    1    3 49731.173463 44972.451453
 222   -1    1    5 51908.264109 46830.937923
 222   -1    1    6 51013.252630 45614.530351
 222   -1    1    7 49111.629375 44228.443464
 222   -1    1    8 51691.723626 46503.664705
 222   -1    1    9 52740.955929 47037.312790
 222   -1    1   16 49536.192771 44411.979408
 222   -1    1   17 49718.278053 44076.763769
 222   -1    1   18 50876.063648 46286.486912
 222    1    2   24 46349.238645 41002.777410
 222    1    2   25 49915.197517 44137.301972
 222    1    2   26 48816.085107 43477.302041
 222    1    2   28 48452.878797 44232.802077
 222    1    2   30 48402.052501 42838.953260
 222    1    2   33 42803.338901 38122.947853
 222    1    2   34 44828.077567 39293.439203
 222    1    2   35 47216.005375 42201.153342
 222    1    2   37 49428.748425 43890.826485
 222    1    2   39 49912.420702 44764.293352
 222   -1    2   21 51142.581441 45830.217991
 222   -1    2   22 45542.414197 41537.109574
 222   -1    2   23 44432.524800 39570.281114
 222   -1    2   27 45848.808049 40881.662733
 222   -1    2   29 49591.436638 44417.964272
 222   -1    2   31 46242.308460 41777.933285
 222   -1    2   32 49588.956920 44658.722200
 222   -1    2   36 54353.963286 48697.858636
 222   -1    2   38 47585.363343 43472.673737
 222   -1    2   40 51704.128366 46505.974388
 228    1    1    1 46021.851848 41832.164587
 228    1    1    5 49784.901445 45201.227288
 228    1    1    7 51029.049044 46337.803100
 228    1    1    9 46275.582961 41910.640836
 228    1    1   11 48613.314171 44583.467855
 228    1    1   12 47258.612367 42529.954709
 228    1    1   13 49592.090982 44991.605122
 228    1    1   14 49840.904020 44922.190380
 228    1    1   16 50167.619418 44944.368306
 228    1    1   18 54226.994389 49162.048825
 228   -1    1    2 46614.972867 41591.312011
 228   -1    1    3 47347.981691 42333.539940
 228   -1    1    4 47851.784386 42827.989041
 228   -1    1    6 50815.554819 46087.563283
 228   -1    1    8 46423.550607 42090.133491
 228   -1    1   10 50052.647028 45027.066468
 228   -1    1   15 48925.513235 43513.340450
 228   -1    1   17 45751.064878 40902.307413
 228   -1    1   19 45775.937886 41237.893447
 228   -1    1   20 47763.878698 43526.357643
 228    1    2   21 51072.956890 45829.652259
 228    1    2   27 46914.728904 42210.262422
 228    1    2   28 49596.751841 44898.405470
 228    1    2   29 51359.556067 46070.114936
 228    1    2   30 53758.196678 48321.195022
 228    1    2   31 53714.652104 49116.564869
 228    1    2   32 51276.684234 46688.502884
 228    1    2   35 51712.385191 46639.396000
 228    1    2   38 52198.317845 47645.769745
 228    1    2   39 58100.171203 52513.543559
 228   -1    2   22 47219.050799 42713.881364
 228   -1    2   23 48032.101374 42808.534851
 228   -1    2   24 44960.006871 40054.180782
 228   -1    2   25 44898.155710 40289.578391
 228   -1    2   26 48708.769086 43643.605174
 228   -1    2   33 47391.925030 42527.045480
 228   -1    2   34 46459.500021 41336.173516
 228   -1    2   36 47187.405252 41790.531372
 228   -1    2   37 51415.621387 46316.232411
 228   -1    2   40 52618.947554 47223.568758
